0 -> 1750,2,270
1 -> 3,8
10 -> 11
100 -> 102,154,679
1000 -> 1001
1001 -> 1002
1002 -> 925
1003 -> 2767,534
1004 -> 1005
1005 -> 1003
1006 -> 1238,256
1007 -> 1008,2084
1008 -> 1006
1009 -> 1011
101 -> 2414,525,62
1010 -> 1009,1155
1011 -> 610
1012 -> 1013
1013 -> 1014,1217,2423
1014 -> 528
1015 -> 1017
1016 -> 1015
1017 -> 724
1018 -> 847
1019 -> 1018,2398
102 -> 101
1020 -> 1019
1021 -> 1022
1022 -> 1023
1023 -> 74
1024 -> 1026,2619
1025 -> 1024,1585
1026 -> 607
1027 -> 1028,2635
1028 -> 1029
1029 -> 349
103 -> 135,1413,63
1030 -> 627
1031 -> 1032,1758
1032 -> 1030,2682
1033 -> 1035,1248
1034 -> 719
1035 -> 1034
1036 -> 1038,2471
1037 -> 2104,2771,98
1038 -> 1037,1779
1039 -> 229
104 -> 105,605
1040 -> 1041
1041 -> 1039
1042 -> 1043
1043 -> 1900,655
1044 -> 1042,1226
1045 -> 819
1046 -> 1045
1047 -> 1046
1048 -> 1049
1049 -> 755
105 -> 103
1050 -> 1048
1051 -> 1052,1655,2766
1052 -> 1053,1082
1053 -> 1312,248
1054 -> 1392,2546,416
1055 -> 1056
1056 -> 1054
1057 -> 357
1058 -> 1057
1059 -> 1058
106 -> 108,126,313,395
1061 -> 739
1062 -> 1061,1644
1063 -> 1065
1064 -> 1188,803
1065 -> 1064
1066 -> 321
1067 -> 1068
1068 -> 1066
1069 -> 1160,726
107 -> 106
1070 -> 1069
1071 -> 1070,2727
1072 -> 1074
1073 -> 901
1074 -> 1073
1075 -> 168
1076 -> 1077
1077 -> 1075
1078 -> 1080
1079 -> 1078
108 -> 24
1080 -> 133
1081 -> 1083
1082 -> 1081
1083 -> 1052,1215
1084 -> 198
1085 -> 1086
1086 -> 1084
1087 -> 175
1088 -> 1089,1863
1089 -> 1087
109 -> 151,1523,1956,32
1090 -> 1091
1091 -> 365
1092 -> 1090,2478
1093 -> 1094
1094 -> 1095
1095 -> 1759,327
1096 -> 737
1097 -> 1098
1098 -> 1096
1099 -> 1101,2642
11 -> 12,18,736,80
110 -> 111,2672
1100 -> 1099
1101 -> 233
1102 -> 1104
1103 -> 36
1104 -> 1103
1105 -> 2156,462
1106 -> 1105
1107 -> 1106
1108 -> 632
1109 -> 1110
111 -> 109,335,517
1110 -> 1108
1111 -> 124
1112 -> 1113
1113 -> 1111
1114 -> 1116
1115 -> 786
1116 -> 1115,2466
1117 -> 1119,2012
1118 -> 1117
1119 -> 130
112 -> 113,122,1729
1120 -> 2558,809
1121 -> 1122
1122 -> 1120,2468
1123 -> 1124
1124 -> 758
1125 -> 1123,1894
1126 -> 1128
1127 -> 1126
1128 -> 424
1129 -> 1131,2139
113 -> 87
1130 -> 1129,1842
1131 -> 770
1132 -> 1134,1495
1133 -> 2756,619
1134 -> 1133
1135 -> 1137,1714
1136 -> 808
1137 -> 1136,2503
1138 -> 1139
1139 -> 466
114 -> 112
1140 -> 1138
1141 -> 1143,1987
1142 -> 1141,2030,2173
1143 -> 829
1144 -> 1146
1145 -> 1144
1146 -> 145
1147 -> 1148
1148 -> 1149
1149 -> 210
115 -> 117,1669,2134,404
1150 -> 1152
1151 -> 16
1152 -> 1151,1581
1153 -> 1154
1154 -> 1010
1155 -> 1153
1156 -> 2660,697
1157 -> 1156
1158 -> 1157
1159 -> 1161,1817
116 -> 115,248,254,349
1160 -> 1159,1257,1616
1161 -> 1069
1162 -> 1264,1405,317
1163 -> 1164
1164 -> 1162
1165 -> 1166
1166 -> 1951,653
1167 -> 1165
1168 -> 1382,211
1169 -> 1168,1518
117 -> 26
1170 -> 1169
1171 -> 1172
1172 -> 1173,1764
1173 -> 1344,878
1174 -> 1175
1175 -> 653
1176 -> 1174
1177 -> 1179,1936
1178 -> 609
1179 -> 1178,2309
118 -> 16,557
1180 -> 1182
1181 -> 1180,1814
1182 -> 523
1183 -> 1185
1184 -> 1183,2387
1185 -> 2418,573
1186 -> 1187
1187 -> 1064
1188 -> 1186
1189 -> 1190
119 -> 120,632,673
1190 -> 1805,30
1191 -> 1189
1192 -> 1193
1193 -> 1194
1194 -> 292
1195 -> 1197
1196 -> 356
1197 -> 1196
1198 -> 612
1199 -> 1200,2070
12 -> 278,55,7
120 -> 118,173,2036,222
1200 -> 1198,1401,1977
1201 -> 1202
1202 -> 251
1203 -> 1201
1204 -> 1206
1205 -> 1204
1206 -> 127
1207 -> 1208
1208 -> 1209
1209 -> 2409,728
121 -> 123,1625,945
1210 -> 1212,1601,1789,2390
1211 -> 1210
1212 -> 1288,556
1213 -> 1214,1831
1214 -> 1083
1215 -> 1213
1216 -> 1218,1997
1217 -> 1216
1218 -> 1013,1693
1219 -> 749
122 -> 121,908
1220 -> 1221,2760
1221 -> 1219
1222 -> 48
1223 -> 1222,2208
1224 -> 1223
1225 -> 1044
1226 -> 1227,2365
1227 -> 1225
1228 -> 1230
1229 -> 581
123 -> 112,145
1230 -> 1229,1620
1231 -> 1232,1754
1232 -> 1795,1825,194
1233 -> 1231,1603,2621
1234 -> 1236
1235 -> 385
1236 -> 1235
1237 -> 1239
1238 -> 1237
1239 -> 1006,2429
124 -> 1112,125
1240 -> 1242
1241 -> 57
1242 -> 1241
1243 -> 1245,1348
1244 -> 1477,259
1245 -> 1244,1460
1246 -> 1247,2233
1247 -> 1033
1248 -> 1246,2027
1249 -> 149
125 -> 106,211
1250 -> 1251
1251 -> 1249
1252 -> 1253,1299
1253 -> 1254
1254 -> 281
1255 -> 1256,1679,1742
1256 -> 1160
1257 -> 1255,1909
1258 -> 25
1259 -> 1258
126 -> 124,1675,322
1260 -> 1259,1823
1261 -> 1263,2749
1262 -> 1261,2196
1263 -> 1829,760
1264 -> 1266
1265 -> 1162
1266 -> 1265,1300
1267 -> 945
1268 -> 1269
1269 -> 1267
127 -> 1205,129,1338
1270 -> 184
1271 -> 1272
1272 -> 1270
1273 -> 1275
1274 -> 7
1275 -> 1274
1276 -> 1277,1433
1277 -> 442
1278 -> 1276,2307
1279 -> 1280
128 -> 127
1280 -> 1281
1281 -> 1356,820
1282 -> 1284
1283 -> 1282
1284 -> 772
1285 -> 1287
1286 -> 338
1287 -> 1286
1288 -> 1290
1289 -> 1212
129 -> 92
1290 -> 1289,2202
1291 -> 1293
1292 -> 1291
1293 -> 1645,235
1294 -> 1296
1295 -> 973
1296 -> 1295,1723
1297 -> 1252
1298 -> 1297
1299 -> 1298,1303
13 -> 2
130 -> 1118,165,179,306,46
1300 -> 1302
1301 -> 1266
1302 -> 1301
1303 -> 1305
1304 -> 1299
1305 -> 1304,2095,2320
1306 -> 1308
1307 -> 1306,2774
1308 -> 531
1309 -> 2090,453
131 -> 130
1310 -> 1309,1318
1311 -> 1310
1312 -> 1313
1313 -> 1314
1314 -> 1053,1649
1315 -> 1317,1721,1745
1316 -> 325
1317 -> 1316
1318 -> 1319
1319 -> 1320
132 -> 131
1320 -> 1310
1321 -> 433
1322 -> 1321
1323 -> 1322
1324 -> 1326
1325 -> 1324
1326 -> 994
1327 -> 72
1328 -> 1329,2289
1329 -> 1327
133 -> 103,1079,1888
1330 -> 334
1331 -> 1332,1893,2227
1332 -> 1330
1333 -> 1334
1334 -> 1335
1335 -> 736
1336 -> 1337
1337 -> 127,1346
1338 -> 1336
1339 -> 1340
134 -> 133
1340 -> 1341
1341 -> 287
1342 -> 1173,1564
1343 -> 1342
1344 -> 1343
1345 -> 1337
1346 -> 1347
1347 -> 1345
1348 -> 1350
1349 -> 1243
135 -> 134
1350 -> 1349
1351 -> 1353,1489
1352 -> 1351,1664
1353 -> 591
1354 -> 1281,2126
1355 -> 1354,1556
1356 -> 1355
1357 -> 1358
1358 -> 837
1359 -> 1357
136 -> 138,372,982
1360 -> 1362,2397
1361 -> 1360
1362 -> 698
1363 -> 1365,1494
1364 -> 1363
1365 -> 346
1366 -> 1368,1458
1367 -> 1366,1846
1368 -> 649
1369 -> 1370
137 -> 136
1370 -> 1371
1371 -> 999
1372 -> 518
1373 -> 1374,2695
1374 -> 1372,2573
1375 -> 1377
1376 -> 1375
1377 -> 1856,19
1378 -> 1379
1379 -> 1499,622
138 -> 99,991
1380 -> 1378,2060
1381 -> 1383
1382 -> 1381,1705
1383 -> 1168
1384 -> 1385
1385 -> 1386
1386 -> 820
1387 -> 1389
1388 -> 422
1389 -> 1388
139 -> 140
1390 -> 1054
1391 -> 1390
1392 -> 1391
1393 -> 1395,1839
1394 -> 276
1395 -> 1394
1396 -> 1398,2161
1397 -> 897
1398 -> 1397
1399 -> 1400
14 -> 13,438
140 -> 167,17
1400 -> 1200
1401 -> 1399,1462
1402 -> 716
1403 -> 1404
1404 -> 1402
1405 -> 1407
1406 -> 1162
1407 -> 1406
1408 -> 1530,202
1409 -> 1408
141 -> 139
1410 -> 1409,1685
1411 -> 103,2177
1412 -> 1411
1413 -> 1412
1414 -> 1415
1415 -> 630
1416 -> 1414
1417 -> 1418
1418 -> 1419,1808
1419 -> 484
142 -> 56
1420 -> 1421,2640
1421 -> 1422
1422 -> 2612,588
1423 -> 1424
1424 -> 53
1425 -> 1423
1426 -> 1427,2078
1427 -> 878
1428 -> 1426
1429 -> 1431,2005
143 -> 142
1430 -> 761
1431 -> 1430
1432 -> 1434
1433 -> 1432
1434 -> 1276
1435 -> 1436,2190
1436 -> 1437
1437 -> 342
1438 -> 2143,497
1439 -> 1438
144 -> 143
1440 -> 1439
1441 -> 1858,778
1442 -> 1441
1443 -> 1442
1444 -> 1659,442
1445 -> 1446,1521
1446 -> 1444
1447 -> 153
1448 -> 1449
1449 -> 1447
145 -> 1145,147
1450 -> 187
1451 -> 1450
1452 -> 1451
1453 -> 229
1454 -> 1455
1455 -> 1453
1456 -> 1366
1457 -> 1456
1458 -> 1457,1740
1459 -> 1461
146 -> 123
1460 -> 1459,1599,1871
1461 -> 1245
1462 -> 1464,1536
1463 -> 1401
1464 -> 1463
1465 -> 1467
1466 -> 468
1467 -> 1466
1468 -> 1469,1691
1469 -> 2283,425
147 -> 146
1470 -> 1468
1471 -> 382
1472 -> 1473
1473 -> 1471
1474 -> 1475
1475 -> 1476,1552
1476 -> 180
1477 -> 1478
1478 -> 1479
1479 -> 1244
148 -> 149,316
1480 -> 1481
1481 -> 225
1482 -> 1480
1483 -> 1596,752
1484 -> 1485,2494
1485 -> 1483
1486 -> 1487,1510
1487 -> 1488
1488 -> 226
1489 -> 1491
149 -> 1250,171,694,795,81
1490 -> 1351
1491 -> 1490
1492 -> 1493
1493 -> 1363
1494 -> 1492
1495 -> 1497
1496 -> 1132
1497 -> 1496
1498 -> 1500
1499 -> 1498,2341
15 -> 14,235,2561,91
150 -> 148,359
1500 -> 1379
1501 -> 557
1502 -> 1501
1503 -> 1502
1504 -> 807
1505 -> 1504
1506 -> 1505
1507 -> 1508
1508 -> 1509
1509 -> 671
151 -> 153,194
1510 -> 1511
1511 -> 1512
1512 -> 1486,2223
1513 -> 791
1514 -> 1515,2058,2159
1515 -> 1513
1516 -> 1517,1990
1517 -> 1169
1518 -> 1516,2182
1519 -> 1445
152 -> 109,215
1520 -> 1519
1521 -> 1520
1522 -> 1524,1930
1523 -> 1522
1524 -> 109
1525 -> 1526
1526 -> 1527,2210
1527 -> 310
1528 -> 1529
1529 -> 1408
153 -> 1448,152
1530 -> 1528,2379
1531 -> 1532
1532 -> 2393,457
1533 -> 1531
1534 -> 1535,2589
1535 -> 1462
1536 -> 1534
1537 -> 2444,970
1538 -> 1539
1539 -> 1537
154 -> 155,209,233
1540 -> 1541,1903
1541 -> 2432,704
1542 -> 1540
1543 -> 68
1544 -> 1545
1545 -> 1543
1546 -> 321
1547 -> 1548
1548 -> 1546
1549 -> 2345,794
155 -> 156,252,428,526
1550 -> 1551
1551 -> 1549
1552 -> 1553
1553 -> 1554
1554 -> 1475
1555 -> 1355
1556 -> 1557,2180
1557 -> 1555
1558 -> 1559
1559 -> 1560
156 -> 100
1560 -> 220
1561 -> 1563
1562 -> 717
1563 -> 1562
1564 -> 1566
1565 -> 1342
1566 -> 1565
1567 -> 1569,2419
1568 -> 1567
1569 -> 64
157 -> 94
1570 -> 1571
1571 -> 1572
1572 -> 418
1573 -> 1575
1574 -> 1573
1575 -> 64
1576 -> 318
1577 -> 1578
1578 -> 1576
1579 -> 1152,1775
158 -> 159,2067
1580 -> 1579
1581 -> 1580
1582 -> 1584
1583 -> 1582
1584 -> 870
1585 -> 1587
1586 -> 1025
1587 -> 1586
1588 -> 1589
1589 -> 1590
159 -> 157
1590 -> 449
1591 -> 1592
1592 -> 1593
1593 -> 659
1594 -> 1483
1595 -> 1594
1596 -> 1595
1597 -> 1460
1598 -> 1597
1599 -> 1598
16 -> 1150,119,17
160 -> 161,705
1600 -> 1210,2231
1601 -> 1602
1602 -> 1600
1603 -> 1605
1604 -> 1233
1605 -> 1604
1606 -> 62
1607 -> 1606
1608 -> 1607
1609 -> 1610
161 -> 6
1610 -> 168,2357
1611 -> 1609
1612 -> 943
1613 -> 1614
1614 -> 1612
1615 -> 1160
1616 -> 1617
1617 -> 1615
1618 -> 1230
1619 -> 1618
162 -> 160
1620 -> 1619,2318
1621 -> 1623
1622 -> 511
1623 -> 1622
1624 -> 1626
1625 -> 1624
1626 -> 121
1627 -> 775
1628 -> 1629
1629 -> 1627
163 -> 164
1630 -> 1631
1631 -> 553
1632 -> 1630
1633 -> 1635,2332
1634 -> 747
1635 -> 1634,2259
1636 -> 1637,2074
1637 -> 1638
1638 -> 453
1639 -> 657
164 -> 130
1640 -> 1641
1641 -> 1639
1642 -> 1643
1643 -> 1062
1644 -> 1642
1645 -> 1646
1646 -> 1647,1845,1963
1647 -> 1293
1648 -> 1650
1649 -> 1648
165 -> 163,425
1650 -> 1314
1651 -> 428
1652 -> 1653
1653 -> 1651
1654 -> 1051
1655 -> 1656
1656 -> 1654,2338
1657 -> 1444
1658 -> 1657
1659 -> 1658
166 -> 140,1958,851
1660 -> 1662,2479
1661 -> 1660
1662 -> 406
1663 -> 1352
1664 -> 1665
1665 -> 1663
1666 -> 1668
1667 -> 1666
1668 -> 333
1669 -> 1670
167 -> 168
1670 -> 1671
1671 -> 115
1672 -> 344
1673 -> 1674
1674 -> 1672
1675 -> 1676
1676 -> 1677
1677 -> 126
1678 -> 1680
1679 -> 1678
168 -> 1076,1611,166
1680 -> 1255
1681 -> 1683
1682 -> 1681
1683 -> 618
1684 -> 1686
1685 -> 1684
1686 -> 1410
1687 -> 1688
1688 -> 202
1689 -> 1687
169 -> 149
1690 -> 1468
1691 -> 1692
1692 -> 1690
1693 -> 1694
1694 -> 1695
1695 -> 1218
1696 -> 864
1697 -> 1698
1698 -> 1696
1699 -> 224
17 -> 11,141,20
170 -> 169,1993
1700 -> 1699
1701 -> 1700
1702 -> 1703
1703 -> 373
1704 -> 1702,2436
1705 -> 1706
1706 -> 1707
1707 -> 1382
1708 -> 1709
1709 -> 2789,604
171 -> 170
1710 -> 1708
1711 -> 1713,2149
1712 -> 832
1713 -> 1712
1714 -> 1715
1715 -> 1716,1973
1716 -> 1135
1717 -> 1718
1718 -> 1719
1719 -> 54
172 -> 120,398,787
1720 -> 1315
1721 -> 1722
1722 -> 1720
1723 -> 1724
1724 -> 1725
1725 -> 1296
1726 -> 1728
1727 -> 1726
1728 -> 198
1729 -> 1730,1749
173 -> 174,667,676
1730 -> 1731
1731 -> 112
1732 -> 1733
1733 -> 1734
1734 -> 823
1735 -> 503
1736 -> 1737
1737 -> 1735
1738 -> 1458
1739 -> 1738
174 -> 172
1740 -> 1739
1741 -> 1255
1742 -> 1743
1743 -> 1741,2537
1744 -> 1746
1745 -> 1744,2721
1746 -> 1315
1747 -> 1748,2439
1748 -> 1729,2608
1749 -> 1747
175 -> 1088,39
1750 -> 1751
1751 -> 1752
1752 -> 0
1753 -> 1755
1754 -> 1753
1755 -> 1231
1756 -> 1031
1757 -> 1756
1758 -> 1757
1759 -> 1760
176 -> 177,202
1760 -> 1761,2199
1761 -> 1095
1762 -> 1763
1763 -> 1172
1764 -> 1762
1765 -> 1767,1812
1766 -> 258
1767 -> 1766
1768 -> 1770
1769 -> 1768
177 -> 175,876
1770 -> 950
1771 -> 1772
1772 -> 647
1773 -> 1771
1774 -> 1776
1775 -> 1774
1776 -> 1579
1777 -> 1038
1778 -> 1777
1779 -> 1778
178 -> 180
1780 -> 813
1781 -> 1782
1782 -> 1780
1783 -> 1784
1784 -> 1785
1785 -> 207
1786 -> 1788
1787 -> 847
1788 -> 1787
1789 -> 1791,2187
179 -> 178,289
1790 -> 1210
1791 -> 1790
1792 -> 1793
1793 -> 1794
1794 -> 335
1795 -> 1797
1796 -> 1232
1797 -> 1796
1798 -> 305
1799 -> 1800
18 -> 16,431
180 -> 130,1474
1800 -> 1798
1801 -> 1803
1802 -> 256
1803 -> 1802
1804 -> 1190
1805 -> 1806
1806 -> 1804
1807 -> 1809
1808 -> 1807
1809 -> 1418
181 -> 183,1926
1810 -> 1811
1811 -> 1765
1812 -> 1810
1813 -> 1815
1814 -> 1813
1815 -> 1181
1816 -> 1818
1817 -> 1816
1818 -> 1159
1819 -> 678
182 -> 271,90
1820 -> 1819
1821 -> 1820
1822 -> 1260
1823 -> 1824
1824 -> 1822
1825 -> 1826
1826 -> 1827
1827 -> 1232
1828 -> 1263
1829 -> 1830
183 -> 182,2225,376
1830 -> 1828,2244,2543
1831 -> 1832
1832 -> 1833
1833 -> 1213
1834 -> 1836
1835 -> 613
1836 -> 1835,2247
1837 -> 1838
1838 -> 1393
1839 -> 1837,1913,2614
184 -> 1271,185,319,381,382
1840 -> 1841
1841 -> 1130
1842 -> 1840,2022
1843 -> 1844
1844 -> 1646
1845 -> 1843
1846 -> 1847
1847 -> 1848
1848 -> 1367
1849 -> 1851
185 -> 186
1850 -> 2702,508
1851 -> 1850
1852 -> 1853,1970
1853 -> 1854
1854 -> 500
1855 -> 1857
1856 -> 1855
1857 -> 1377
1858 -> 1859
1859 -> 1860
186 -> 200,45,590
1860 -> 1441
1861 -> 1862
1862 -> 1088
1863 -> 1861,1961
1864 -> 1866
1865 -> 1864
1866 -> 779
1867 -> 450
1868 -> 1869,2518
1869 -> 1867
187 -> 1452,92
1870 -> 1872
1871 -> 1870,2350
1872 -> 1460,1929
1873 -> 1874
1874 -> 278
1875 -> 1873
1876 -> 1878
1877 -> 1876
1878 -> 842
1879 -> 497
188 -> 189
1880 -> 1879
1881 -> 1880
1882 -> 38
1883 -> 1884,2585
1884 -> 1882
1885 -> 1887
1886 -> 1885
1887 -> 338
1888 -> 1890
1889 -> 133
189 -> 187,192
1890 -> 1889
1891 -> 1892
1892 -> 1331
1893 -> 1891
1894 -> 1895
1895 -> 1896
1896 -> 1125
1897 -> 233
1898 -> 1899
1899 -> 1897
19 -> 1376,17
190 -> 189,224,274
1900 -> 1902
1901 -> 1043
1902 -> 1901
1903 -> 1904
1904 -> 1905
1905 -> 1540
1906 -> 1908
1907 -> 1906
1908 -> 403
1909 -> 1911,2627
191 -> 190
1910 -> 1257
1911 -> 1910,2380
1912 -> 1839
1913 -> 1914
1914 -> 1912
1915 -> 1917
1916 -> 396
1917 -> 1916
1918 -> 1919,2098
1919 -> 1920,2016
192 -> 191
1920 -> 52
1921 -> 559
1922 -> 1921
1923 -> 1922
1924 -> 181
1925 -> 1924
1926 -> 1925
1927 -> 1872
1928 -> 1927
1929 -> 1928
193 -> 151
1930 -> 1932
1931 -> 1522
1932 -> 1931
1933 -> 347
1934 -> 1935,2630
1935 -> 1933
1936 -> 1938
1937 -> 1177
1938 -> 1937
1939 -> 1940,2073
194 -> 1233,195
1940 -> 1941,2132
1941 -> 392
1942 -> 1943
1943 -> 544
1944 -> 1942
1945 -> 1947
1946 -> 36
1947 -> 1946
1948 -> 1950
1949 -> 1948
195 -> 193
1950 -> 312
1951 -> 1952
1952 -> 1953,2274
1953 -> 1166
1954 -> 109
1955 -> 1954
1956 -> 1955
1957 -> 166
1958 -> 1959
1959 -> 1957,2734
196 -> 85
1960 -> 1863
1961 -> 1962
1962 -> 1960
1963 -> 1965,2454
1964 -> 1646
1965 -> 1964
1966 -> 1968
1967 -> 2549,33
1968 -> 1967
1969 -> 1971,2692
197 -> 196
1970 -> 1969
1971 -> 1852
1972 -> 1715
1973 -> 1974
1974 -> 1972
1975 -> 1976,2254
1976 -> 1200
1977 -> 1975
1978 -> 1980
1979 -> 747
198 -> 1085,1727,197,1981,588
1980 -> 1979
1981 -> 1982
1982 -> 1983
1983 -> 198
1984 -> 695
1985 -> 1984
1986 -> 1985
1987 -> 1988
1988 -> 1989
1989 -> 1141
199 -> 201
1990 -> 1992
1991 -> 1516
1992 -> 1991
1993 -> 1995
1994 -> 170
1995 -> 1994
1996 -> 1998
1997 -> 1996
1998 -> 1216
1999 -> 2001
2 -> 1,15,30
20 -> 21,23,35
200 -> 199
2000 -> 878
2001 -> 2000
2002 -> 2003
2003 -> 559
2004 -> 2002
2005 -> 2006
2006 -> 2007
2007 -> 1429
2008 -> 2576,391
2009 -> 2010
201 -> 186,2634,2798,776
2010 -> 2008
2011 -> 1117
2012 -> 2013
2013 -> 2011
2014 -> 2015
2015 -> 1919
2016 -> 2014
2017 -> 2019
2018 -> 2017
2019 -> 855
202 -> 1410,1689,203,2120
2020 -> 1842
2021 -> 2020
2022 -> 2021
2023 -> 2025
2024 -> 2023
2025 -> 389
2026 -> 2028
2027 -> 2026
2028 -> 1248
2029 -> 2031
203 -> 204
2030 -> 2029
2031 -> 1142,2669
2032 -> 2034
2033 -> 2032
2034 -> 406
2035 -> 120,2383
2036 -> 2037
2037 -> 2035,2782
2038 -> 2040
2039 -> 2038
204 -> 176
2040 -> 283
2041 -> 2043
2042 -> 2041
2043 -> 61
2044 -> 877
2045 -> 2044
2046 -> 2045
2047 -> 2049
2048 -> 2047
2049 -> 2683,876
205 -> 206,644
2050 -> 2051
2051 -> 2052
2052 -> 320
2053 -> 2055
2054 -> 987
2055 -> 2054
2056 -> 1514,2192
2057 -> 2056
2058 -> 2057
2059 -> 2061
206 -> 207,242
2060 -> 2059
2061 -> 1380,2316
2062 -> 2064
2063 -> 2062
2064 -> 499
2065 -> 2066
2066 -> 158
2067 -> 2065
2068 -> 2069
2069 -> 1199
207 -> 1783,45
2070 -> 2068
2071 -> 2072
2072 -> 1939
2073 -> 2071
2074 -> 2075,2787
2075 -> 2076
2076 -> 1636
2077 -> 1426
2078 -> 2079
2079 -> 2077,2646
208 -> 154
2080 -> 700
2081 -> 2082
2082 -> 2080
2083 -> 1007
2084 -> 2085
2085 -> 2083
2086 -> 2087
2087 -> 2567,292
2088 -> 2086
2089 -> 2091
209 -> 210,820
2090 -> 2089
2091 -> 1309
2092 -> 2093
2093 -> 2094
2094 -> 373
2095 -> 2097
2096 -> 1305
2097 -> 2096
2098 -> 2100
2099 -> 1918
21 -> 19,245
210 -> 1147,208
2100 -> 2099
2101 -> 2102
2102 -> 2103,2595
2103 -> 868
2104 -> 2106
2105 -> 1037
2106 -> 2105
2107 -> 2108
2108 -> 2717,52
2109 -> 2107
211 -> 1170,213
2110 -> 786
2111 -> 2110
2112 -> 2111
2113 -> 2114
2114 -> 477
2115 -> 2113
2116 -> 693
2117 -> 2118
2118 -> 2116
2119 -> 202
212 -> 125,307
2120 -> 2121
2121 -> 2119
2122 -> 2123
2123 -> 939
2124 -> 2122
2125 -> 1354
2126 -> 2127
2127 -> 2125
2128 -> 2129
2129 -> 2130
213 -> 212
2130 -> 230
2131 -> 1940
2132 -> 2133
2133 -> 2131
2134 -> 2135
2135 -> 2136
2136 -> 115
2137 -> 1129
2138 -> 2137
2139 -> 2138
214 -> 216,2313,483
2140 -> 2141
2141 -> 776
2142 -> 2140
2143 -> 2144,2553
2144 -> 2145
2145 -> 1438
2146 -> 2148
2147 -> 5
2148 -> 2147
2149 -> 2151
215 -> 214
2150 -> 1711
2151 -> 2150
2152 -> 2154
2153 -> 53
2154 -> 2153
2155 -> 1105
2156 -> 2157
2157 -> 2155
2158 -> 1514
2159 -> 2160
216 -> 152
2160 -> 2158
2161 -> 2163
2162 -> 1396
2163 -> 2162
2164 -> 8
2165 -> 2164
2166 -> 2165
2167 -> 2169
2168 -> 2167
2169 -> 454
217 -> 219,507
2170 -> 2251,96
2171 -> 2170
2172 -> 2171
2173 -> 2175
2174 -> 1142,2302
2175 -> 2174
2176 -> 1411
2177 -> 2178
2178 -> 2176,2486
2179 -> 1556
218 -> 217,2781
2180 -> 2181
2181 -> 2179
2182 -> 2184
2183 -> 1518,2509,2748
2184 -> 2183
2185 -> 2186
2186 -> 1789
2187 -> 2185
2188 -> 2189
2189 -> 1435
219 -> 2700,98
2190 -> 2188
2191 -> 2193,2347
2192 -> 2191
2193 -> 2056
2194 -> 2195
2195 -> 1262
2196 -> 2194
2197 -> 2198
2198 -> 1760
2199 -> 2197
22 -> 24,592
220 -> 120,1558,230,610
2200 -> 1290
2201 -> 2200
2202 -> 2201
2203 -> 2205
2204 -> 708
2205 -> 2204
2206 -> 2207
2207 -> 1223
2208 -> 2206
2209 -> 2211
221 -> 220,574
2210 -> 2209,2521
2211 -> 1526
2212 -> 2213
2213 -> 642
2214 -> 2212
2215 -> 2216
2216 -> 2217
2217 -> 614
2218 -> 2219
2219 -> 688
222 -> 221,503
2220 -> 2218
2221 -> 2222
2222 -> 1512
2223 -> 2221
2224 -> 2226
2225 -> 2224,2411
2226 -> 183
2227 -> 2228
2228 -> 2229
2229 -> 1331
223 -> 190
2230 -> 1600
2231 -> 2232
2232 -> 2230
2233 -> 2235
2234 -> 1246
2235 -> 2234
2236 -> 2238,2362
2237 -> 2236
2238 -> 2724,297
2239 -> 2240
224 -> 1701,225,488,894
2240 -> 615
2241 -> 2239
2242 -> 2243
2243 -> 1830
2244 -> 2242
2245 -> 2246
2246 -> 1836
2247 -> 2245
2248 -> 2250
2249 -> 2248
225 -> 1482,223,687
2250 -> 286
2251 -> 2252,2297
2252 -> 2253
2253 -> 2170
2254 -> 2255
2255 -> 2256
2256 -> 1975,2447
2257 -> 1635
2258 -> 2257,2328
2259 -> 2258,2529
226 -> 1486,228
2260 -> 2261
2261 -> 504
2262 -> 2260,2535
2263 -> 2264,2498
2264 -> 2265
2265 -> 721
2266 -> 2267
2267 -> 2268
2268 -> 290
2269 -> 2270
227 -> 226
2270 -> 2271
2271 -> 2763,556
2272 -> 1952
2273 -> 2272
2274 -> 2273
2275 -> 2276
2276 -> 2277
2277 -> 469
2278 -> 582
2279 -> 2280
228 -> 44
2280 -> 2278
2281 -> 1469
2282 -> 2281
2283 -> 2282
2284 -> 2285
2285 -> 2286
2286 -> 581
2287 -> 1328
2288 -> 2287
2289 -> 2288
229 -> 1040,1454,220,300,406
2290 -> 2500,759
2291 -> 2290
2292 -> 2291
2293 -> 690
2294 -> 2295
2295 -> 2293
2296 -> 2298
2297 -> 2296
2298 -> 2251
2299 -> 2300
23 -> 22,691,71,803
230 -> 2128,231,331
2300 -> 845
2301 -> 2299
2302 -> 2304
2303 -> 2174
2304 -> 2303
2305 -> 2306
2306 -> 1278
2307 -> 2305
2308 -> 2310
2309 -> 2308
231 -> 229,571,670,774
2310 -> 1179
2311 -> 2312
2312 -> 214
2313 -> 2311
2314 -> 2061
2315 -> 2314
2316 -> 2315
2317 -> 2319
2318 -> 2317
2319 -> 1620
232 -> 154,630
2320 -> 2322
2321 -> 1305
2322 -> 2321
2323 -> 2450,382
2324 -> 2325
2325 -> 2323
2326 -> 2258
2327 -> 2326
2328 -> 2327
2329 -> 523
233 -> 1100,1898,234
2330 -> 2329
2331 -> 2330
2332 -> 2334
2333 -> 1633
2334 -> 2333
2335 -> 2337
2336 -> 2335
2337 -> 621
2338 -> 2339,2715
2339 -> 2340
234 -> 232,286
2340 -> 1656
2341 -> 2343
2342 -> 1499
2343 -> 2342
2344 -> 2346
2345 -> 2344
2346 -> 1549,2583
2347 -> 2349
2348 -> 2191
2349 -> 2348
235 -> 1292,237
2350 -> 2351
2351 -> 2352
2352 -> 1871
2353 -> 418
2354 -> 2355
2355 -> 2353
2356 -> 2358
2357 -> 2356
2358 -> 1610
2359 -> 2579,478
236 -> 15,824
2360 -> 2359
2361 -> 2360
2362 -> 2363
2363 -> 2364
2364 -> 2236
2365 -> 2367
2366 -> 1226
2367 -> 2366
2368 -> 2369
2369 -> 2370
237 -> 236,492
2370 -> 62
2371 -> 2372
2372 -> 2373
2373 -> 359
2374 -> 2375
2375 -> 499
2376 -> 2374
2377 -> 1530
2378 -> 2377
2379 -> 2378
238 -> 239
2380 -> 2382
2381 -> 1911
2382 -> 2381,2401
2383 -> 2384
2384 -> 2385
2385 -> 2035
2386 -> 1184
2387 -> 2388
2388 -> 2386
2389 -> 2391
239 -> 240
2390 -> 2389
2391 -> 1210
2392 -> 1532
2393 -> 2394
2394 -> 2392
2395 -> 1360
2396 -> 2395
2397 -> 2396
2398 -> 2399
2399 -> 2400
24 -> 107,20
240 -> 31,532
2400 -> 1019
2401 -> 2403
2402 -> 2382
2403 -> 2402
2404 -> 2406
2405 -> 2404
2406 -> 532
2407 -> 1209
2408 -> 2407
2409 -> 2408
241 -> 206,297,545,579,929
2410 -> 2412
2411 -> 2410,2711
2412 -> 2225
2413 -> 101
2414 -> 2415
2415 -> 2413
2416 -> 1185
2417 -> 2416
2418 -> 2417
2419 -> 2421
242 -> 243
2420 -> 1567
2421 -> 2420
2422 -> 2424,2650
2423 -> 2422
2424 -> 1013
2425 -> 30
2426 -> 2427
2427 -> 2425
2428 -> 1239
2429 -> 2430
243 -> 241,2554,259
2430 -> 2428
2431 -> 2433
2432 -> 2431
2433 -> 1541
2434 -> 1704
2435 -> 2434
2436 -> 2435
2437 -> 2438
2438 -> 1747
2439 -> 2437
244 -> 246,344,728
2440 -> 35
2441 -> 2440
2442 -> 2441
2443 -> 2445
2444 -> 2443
2445 -> 1537
2446 -> 2448
2447 -> 2446
2448 -> 2256
2449 -> 2451
245 -> 244,663
2450 -> 2449
2451 -> 2323
2452 -> 2453
2453 -> 1963
2454 -> 2452
2455 -> 2456
2456 -> 507
2457 -> 2455
2458 -> 2460
2459 -> 624
246 -> 21
2460 -> 2459
2461 -> 2462
2462 -> 2463
2463 -> 848
2464 -> 1116,2539
2465 -> 2464
2466 -> 2465
2467 -> 2469
2468 -> 2467
2469 -> 1122
247 -> 249
2470 -> 1036
2471 -> 2472
2472 -> 2470
2473 -> 798
2474 -> 2473
2475 -> 2474
2476 -> 2477
2477 -> 1092
2478 -> 2476
2479 -> 2480
248 -> 1051,247,2706
2480 -> 2481
2481 -> 1660
2482 -> 2483
2483 -> 2484
2484 -> 656
2485 -> 2487
2486 -> 2485
2487 -> 2178,2689
2488 -> 2792,840
2489 -> 2488
249 -> 116,469
2490 -> 2489
2491 -> 2492
2492 -> 404
2493 -> 2491
2494 -> 2495
2495 -> 2496
2496 -> 1484
2497 -> 2263,2624
2498 -> 2499
2499 -> 2497
25 -> 1260,27,47,64
250 -> 251,827
2500 -> 2502
2501 -> 2290
2502 -> 2501
2503 -> 2504
2504 -> 2505
2505 -> 1137
2506 -> 2507
2507 -> 844
2508 -> 2506
2509 -> 2511
251 -> 1203,155,2596
2510 -> 2183
2511 -> 2510
2512 -> 2513
2513 -> 2514
2514 -> 296
2515 -> 46
2516 -> 2515
2517 -> 2516
2518 -> 2520
2519 -> 1868
252 -> 250
2520 -> 2519
2521 -> 2522
2522 -> 2523
2523 -> 2210
2524 -> 2526
2525 -> 2732,283
2526 -> 2525
2527 -> 2528
2528 -> 2259
2529 -> 2527
253 -> 116
2530 -> 2531
2531 -> 9
2532 -> 2530
2533 -> 2534
2534 -> 2262
2535 -> 2533
2536 -> 2538
2537 -> 2536
2538 -> 1743
2539 -> 2540
254 -> 255
2540 -> 2541
2541 -> 2464
2542 -> 1830
2543 -> 2544
2544 -> 2542
2545 -> 2547
2546 -> 2545
2547 -> 1054
2548 -> 2550
2549 -> 2548
255 -> 253,936
2550 -> 1967
2551 -> 2552
2552 -> 2143
2553 -> 2551
2554 -> 2556
2555 -> 243
2556 -> 2555
2557 -> 2559
2558 -> 2557
2559 -> 1120
256 -> 1007,1801,257
2560 -> 15
2561 -> 2562
2562 -> 2560
2563 -> 505
2564 -> 2565
2565 -> 2563
2566 -> 2087
2567 -> 2568
2568 -> 2566
2569 -> 836
257 -> 412,59
2570 -> 2571
2571 -> 2569
2572 -> 2574
2573 -> 2572
2574 -> 1374
2575 -> 2008
2576 -> 2577
2577 -> 2575
2578 -> 2580
2579 -> 2578
258 -> 1765,256
2580 -> 2359
2581 -> 2582
2582 -> 2346
2583 -> 2581
2584 -> 1883
2585 -> 2586
2586 -> 2584
2587 -> 2588
2588 -> 1534
2589 -> 2587
259 -> 1243,261
2590 -> 623
2591 -> 2590
2592 -> 2591
2593 -> 2102
2594 -> 2593
2595 -> 2594
2596 -> 2597
2597 -> 2598
2598 -> 251
2599 -> 2601
26 -> 116,25
260 -> 243
2600 -> 2599,2657
2601 -> 618
2602 -> 2603
2603 -> 410
2604 -> 2602
2605 -> 2607
2606 -> 2605
2607 -> 301
2608 -> 2610
2609 -> 1748
261 -> 260
2610 -> 2609
2611 -> 2613
2612 -> 2611
2613 -> 1422
2614 -> 2616
2615 -> 1839
2616 -> 2615
2617 -> 1024
2618 -> 2617
2619 -> 2618
262 -> 263
2620 -> 1233
2621 -> 2622
2622 -> 2620
2623 -> 2625
2624 -> 2623
2625 -> 2497
2626 -> 1909
2627 -> 2628
2628 -> 2626
2629 -> 1934
263 -> 264
2630 -> 2631
2631 -> 2629
2632 -> 2633
2633 -> 201
2634 -> 2632
2635 -> 2637
2636 -> 1027
2637 -> 2636
2638 -> 2639
2639 -> 1420
264 -> 2688,301,95
2640 -> 2638
2641 -> 1099
2642 -> 2643
2643 -> 2641
2644 -> 2645
2645 -> 2079
2646 -> 2644
2647 -> 918
2648 -> 2647
2649 -> 2648
265 -> 87
2650 -> 2652
2651 -> 2422
2652 -> 2651
2653 -> 638
2654 -> 2653
2655 -> 2654
2656 -> 2600
2657 -> 2658
2658 -> 2656
2659 -> 1156
266 -> 267
2660 -> 2661
2661 -> 2659
2662 -> 2664
2663 -> 2662
2664 -> 808
2665 -> 2667
2666 -> 453
2667 -> 2666
2668 -> 2031
2669 -> 2670
267 -> 265,567
2670 -> 2668
2671 -> 110,2676
2672 -> 2673
2673 -> 2671
2674 -> 2671
2675 -> 2674
2676 -> 2675
2677 -> 2679
2678 -> 899
2679 -> 2678
268 -> 269,329
2680 -> 1032
2681 -> 2680
2682 -> 2681
2683 -> 2684
2684 -> 2685
2685 -> 2049
2686 -> 264
2687 -> 2686
2688 -> 2687
2689 -> 2690
269 -> 0
2690 -> 2691
2691 -> 2487
2692 -> 2693
2693 -> 2694
2694 -> 1969
2695 -> 2697
2696 -> 1373
2697 -> 2696
2698 -> 2699
2699 -> 219
27 -> 4
270 -> 268,285
2700 -> 2698
2701 -> 2703
2702 -> 2701
2703 -> 1850
2704 -> 2705
2705 -> 248
2706 -> 2704
2707 -> 2709
2708 -> 2707
2709 -> 665
271 -> 272
2710 -> 2712
2711 -> 2710
2712 -> 2411
2713 -> 2338
2714 -> 2713
2715 -> 2714
2716 -> 2108
2717 -> 2718
2718 -> 2716
2719 -> 1745
272 -> 273,400
2720 -> 2719
2721 -> 2720
2722 -> 2723
2723 -> 2238
2724 -> 2722
2725 -> 2726
2726 -> 1071
2727 -> 2725
2728 -> 511
2729 -> 2728
273 -> 182
2730 -> 2729
2731 -> 2525
2732 -> 2733
2733 -> 2731
2734 -> 2736
2735 -> 1959
2736 -> 2735
2737 -> 2738
2738 -> 2739
2739 -> 942
274 -> 276
2740 -> 2741
2741 -> 913
2742 -> 2740
2743 -> 386
2744 -> 2745
2745 -> 2743
2746 -> 2747
2747 -> 2183
2748 -> 2746
2749 -> 2751
275 -> 190
2750 -> 1261
2751 -> 2750
2752 -> 2754
2753 -> 517
2754 -> 2753
2755 -> 1133
2756 -> 2757
2757 -> 2755
2758 -> 1220
2759 -> 2758
276 -> 1393,275
2760 -> 2759
2761 -> 2271
2762 -> 2761
2763 -> 2762
2764 -> 2765
2765 -> 1051
2766 -> 2764
2767 -> 2769
2768 -> 1003
2769 -> 2768
277 -> 279,340
2770 -> 1037
2771 -> 2772
2772 -> 2770
2773 -> 2775
2774 -> 2773
2775 -> 1307
2776 -> 352
2777 -> 2778
2778 -> 2776
2779 -> 218
278 -> 1875,277
2780 -> 2779
2781 -> 2780
2782 -> 2783
2783 -> 2784
2784 -> 2037
2785 -> 2786
2786 -> 2074
2787 -> 2785
2788 -> 1709
2789 -> 2790
279 -> 12
2790 -> 2788
2791 -> 2488
2792 -> 2793
2793 -> 2791
2794 -> 501
2795 -> 2796
2796 -> 2794
2797 -> 201
2798 -> 2799
2799 -> 2797
28 -> 2
280 -> 95
281 -> 1252,282,338
282 -> 280
283 -> 2039,2524,270
284 -> 283
285 -> 284
286 -> 2249,288
287 -> 1339,234,409
288 -> 287
289 -> 291
29 -> 28,460,63
290 -> 179,2266
291 -> 290
292 -> 1192,2088,293
293 -> 294
294 -> 61
295 -> 296,609,881
296 -> 241,2512,844
297 -> 2237,295
298 -> 299
299 -> 229
3 -> 0,4,584
30 -> 1191,2426,29
300 -> 298
301 -> 2606,302
302 -> 303,857
303 -> 264
304 -> 130,439,442
305 -> 1799,304
306 -> 305
307 -> 309
308 -> 212
309 -> 308,465
31 -> 238,8
310 -> 1525,44,966
311 -> 312,648
312 -> 1949,310
313 -> 315
314 -> 106
315 -> 314,861
316 -> 317,418,508
317 -> 1163,318,375
318 -> 148,1577
319 -> 320
32 -> 110,31
320 -> 2050,321,581
321 -> 1067,1547,184,529
322 -> 324
323 -> 126,363
324 -> 323,810
325 -> 1315,327
326 -> 368,80
327 -> 1093,326,961
328 -> 268
329 -> 330
33 -> 1966,32
330 -> 328
331 -> 333,347
332 -> 230
333 -> 1667,332,927
334 -> 111,1331,484
335 -> 1792,336
336 -> 334
337 -> 339
338 -> 1285,1886,337
339 -> 281
34 -> 20,39
340 -> 341
341 -> 342
342 -> 1435,277
343 -> 345
344 -> 1673,343
345 -> 244
346 -> 1364,348
347 -> 1934,346
348 -> 331,855
349 -> 1027,350,724
35 -> 2442,355,36,422,659
350 -> 351
351 -> 116
352 -> 2777,353
353 -> 354,387
354 -> 89
355 -> 356,453
356 -> 1195,357
357 -> 1059,35,635
358 -> 150,516
359 -> 2371,360
36 -> 1102,1945,34,650
360 -> 358,563,807
361 -> 323,666
362 -> 361
363 -> 362
364 -> 366
365 -> 1092,364
366 -> 69
367 -> 369
368 -> 367,771
369 -> 326,621
37 -> 38,41
370 -> 136
371 -> 370
372 -> 371
373 -> 1704,2092,374
374 -> 317
375 -> 373
376 -> 377,496
377 -> 378
378 -> 183,561
379 -> 184
38 -> 1883,34
380 -> 379
381 -> 380,477
382 -> 1472,2324,383
383 -> 384
384 -> 184
385 -> 1234,386,458,642
386 -> 2744,353,417,511
387 -> 385,550
388 -> 389,901
389 -> 2024,96
39 -> 176,37,43
390 -> 388
391 -> 2009,392,759
392 -> 1939,85
393 -> 391
394 -> 396,614
395 -> 394
396 -> 106,1915
397 -> 399,599
398 -> 397
399 -> 172
4 -> 26,5,750
40 -> 37
400 -> 402,753
401 -> 272,877
402 -> 401
403 -> 115,1907
404 -> 2493,405
405 -> 403
406 -> 1661,2033,408,520
407 -> 229,937
408 -> 407
409 -> 410,702
41 -> 42
410 -> 2604,411
411 -> 287
412 -> 413
413 -> 414
414 -> 257,721
415 -> 386,450,595,624
416 -> 1055,415
417 -> 416
418 -> 1570,2354,419
419 -> 420
42 -> 40
420 -> 316,538
421 -> 423
422 -> 1387,421,709
423 -> 35,433,467
424 -> 1127,165
425 -> 1470,426
426 -> 424
427 -> 429
428 -> 1652,427
429 -> 155
43 -> 45
430 -> 18,454
431 -> 432,914
432 -> 430
433 -> 1323,434
434 -> 435
435 -> 423,940
436 -> 437
437 -> 14
438 -> 436,778
439 -> 441
44 -> 227,311,39
440 -> 304
441 -> 440,755
442 -> 1278,1445,443
443 -> 444
444 -> 304,554
445 -> 5
446 -> 447
447 -> 445
448 -> 449
449 -> 1588,415
45 -> 184,205,44,54,602
450 -> 1868,448
451 -> 452,478
452 -> 355
453 -> 1311,1636,2665,451
454 -> 2168,455
455 -> 456
456 -> 430
457 -> 1533,385
458 -> 459,682,897
459 -> 457
46 -> 132,2517,48,67
460 -> 462
461 -> 29
462 -> 1107,461
463 -> 464
464 -> 309
465 -> 463
466 -> 1140,423,472
467 -> 468
468 -> 1465,466,708
469 -> 2275,470
47 -> 46
470 -> 471
471 -> 249
472 -> 473,767
473 -> 474,616
474 -> 466,501
475 -> 476,816
476 -> 381
477 -> 2115,475
478 -> 2361,479
479 -> 480
48 -> 1224,25,50,59
480 -> 451,535
481 -> 482
482 -> 214
483 -> 481,549
484 -> 1417,486
485 -> 334
486 -> 485
487 -> 489
488 -> 487
489 -> 224
49 -> 51,97
490 -> 491,838,951
491 -> 237
492 -> 490
493 -> 495
494 -> 52
495 -> 494
496 -> 497
497 -> 1440,1881,498
498 -> 376
499 -> 2063,2376,474,831
5 -> 2146,446,6
50 -> 49
500 -> 1852,499
501 -> 2795,500
502 -> 504
503 -> 1736,502
504 -> 222,2262
505 -> 217,2564
506 -> 505
507 -> 2457,506,998
508 -> 1849,510
509 -> 316
51 -> 48,638
510 -> 509,924
511 -> 1621,2730,512
512 -> 513
513 -> 386
514 -> 358,699
515 -> 514
516 -> 515
517 -> 2752,519,832
518 -> 111,1373
519 -> 518
52 -> 1918,2109,45,493
520 -> 521
521 -> 522
522 -> 406
523 -> 1181,2331,524,891
524 -> 101
525 -> 523
526 -> 528
527 -> 155
528 -> 1012,527,948
529 -> 530
53 -> 1425,2152,52,712,87
530 -> 531
531 -> 1307,321
532 -> 2405,534
533 -> 240,542
534 -> 1004,533
535 -> 537
536 -> 480
537 -> 536
538 -> 540
539 -> 420,812
54 -> 1717,53,626
540 -> 539
541 -> 533
542 -> 543
543 -> 541
544 -> 1944,241
545 -> 546
546 -> 544
547 -> 483
548 -> 547
549 -> 548
55 -> 56,841
550 -> 552
551 -> 387
552 -> 551
553 -> 1632,555
554 -> 553
555 -> 444,653
556 -> 1211,2269,558
557 -> 1503,556
558 -> 118
559 -> 1923,2004,560
56 -> 144,57
560 -> 378
561 -> 559
562 -> 564
563 -> 562
564 -> 360
565 -> 566
566 -> 267
567 -> 565,569
568 -> 570
569 -> 568
57 -> 12,1240,867
570 -> 567
571 -> 573
572 -> 231
573 -> 1184,572
574 -> 575,762
575 -> 576,837
576 -> 221
577 -> 578
578 -> 241
579 -> 577,887
58 -> 48
580 -> 582
581 -> 1228,2284,580,801
582 -> 2279,320
583 -> 3
584 -> 585
585 -> 583
586 -> 587,979
587 -> 198
588 -> 1420,586
589 -> 186,746
59 -> 258,60,83
590 -> 591
591 -> 1352,589
592 -> 594
593 -> 22
594 -> 593
595 -> 596
596 -> 597
597 -> 415
598 -> 600
599 -> 598
6 -> 162,3
60 -> 58
600 -> 397
601 -> 603
602 -> 601
603 -> 45
604 -> 1710,606
605 -> 604
606 -> 104
607 -> 1025,608
608 -> 295
609 -> 1177,607
61 -> 2042,29,292,919
610 -> 1010,611,972
611 -> 612
612 -> 1199,220
613 -> 1834,615
614 -> 2215,613
615 -> 2241,394
616 -> 617
617 -> 618
618 -> 1682,2600,473
619 -> 1132,369,735
62 -> 100,1608,2368,61,73
620 -> 619
621 -> 2336,620
622 -> 1380,623
623 -> 2592,415
624 -> 2458,622
625 -> 627
626 -> 625
627 -> 1031,54
628 -> 232
629 -> 628,765
63 -> 104,62
630 -> 1416,629
631 -> 633,955
632 -> 1109,631
633 -> 119
634 -> 636
635 -> 634
636 -> 357
637 -> 639
638 -> 2655,637
639 -> 51
64 -> 1568,1574,65
640 -> 641
641 -> 385
642 -> 2214,640
643 -> 205
644 -> 645
645 -> 643
646 -> 647
647 -> 1773,311
648 -> 646
649 -> 1367,651
65 -> 66
650 -> 649
651 -> 36
652 -> 654
653 -> 1167,1176,652
654 -> 555
655 -> 1044,657
656 -> 2482,93
657 -> 1640,656
658 -> 35
659 -> 1591,660
66 -> 25
660 -> 658
661 -> 662
662 -> 245
663 -> 661
664 -> 361
665 -> 2708,664,690
666 -> 665,931
667 -> 668
668 -> 669
669 -> 173,732,791
67 -> 68
670 -> 672
671 -> 1507,231
672 -> 671
673 -> 674
674 -> 675,742
675 -> 119,954
676 -> 678
677 -> 173
678 -> 1821,677
679 -> 680
68 -> 1544,69
680 -> 681
681 -> 100
682 -> 684
683 -> 458
684 -> 683
685 -> 225
686 -> 685
687 -> 686
688 -> 2220,689
689 -> 665
69 -> 365,46
690 -> 2294,688
691 -> 692
692 -> 693
693 -> 2117,23
694 -> 695
695 -> 1986,696
696 -> 149
697 -> 1158,514
698 -> 1361,697
699 -> 698
7 -> 10,1273,9
70 -> 23
700 -> 2081,409
701 -> 700
702 -> 701
703 -> 704,715
704 -> 1542,160
705 -> 703
706 -> 707
707 -> 468
708 -> 2203,706
709 -> 711
71 -> 72
710 -> 422
711 -> 710
712 -> 713
713 -> 714
714 -> 53
715 -> 716
716 -> 1403,717
717 -> 1561,703,739
718 -> 720
719 -> 1033,93
72 -> 1328,70
720 -> 719
721 -> 2263,723
722 -> 414
723 -> 722
724 -> 1016,726
725 -> 349
726 -> 1071,725
727 -> 729,885
728 -> 1207,727
729 -> 244
73 -> 74,76
730 -> 669
731 -> 730
732 -> 731
733 -> 734
734 -> 619
735 -> 733,781
736 -> 1333,737,906
737 -> 1097,738
738 -> 11,871,899
739 -> 741
74 -> 1021,75
740 -> 717
741 -> 740
742 -> 744,784
743 -> 674
744 -> 743
745 -> 589
746 -> 747
747 -> 1633,1978,745
748 -> 749
749 -> 1220,4
75 -> 62
750 -> 748
751 -> 400
752 -> 1484,751
753 -> 752
754 -> 756
755 -> 1050,754,870
756 -> 441
757 -> 391
758 -> 1125,757
759 -> 2292,758
76 -> 77,796
760 -> 1262,761
761 -> 1429,574
762 -> 760
763 -> 629
764 -> 763
765 -> 764
766 -> 768
767 -> 766
768 -> 472
769 -> 368
77 -> 78
770 -> 1130,769
771 -> 770
772 -> 1283,231
773 -> 772
774 -> 773
775 -> 1628,201
776 -> 2142,777
777 -> 775
778 -> 1443,780
779 -> 1865,438
78 -> 73
780 -> 779
781 -> 783
782 -> 735
783 -> 782
784 -> 785
785 -> 786
786 -> 1114,2112,742
787 -> 788
788 -> 789
789 -> 172
79 -> 11
790 -> 669
791 -> 1514,792
792 -> 790
793 -> 149
794 -> 1550,793
795 -> 794
796 -> 797
797 -> 798
798 -> 2475,76
799 -> 800
8 -> 2166,33,7,88
80 -> 325,81
800 -> 581
801 -> 799
802 -> 23,818
803 -> 1063,804
804 -> 802
805 -> 360,986
806 -> 805
807 -> 1506,806
808 -> 1135,2663,809
809 -> 1121,324
81 -> 150,79
810 -> 808
811 -> 813
812 -> 811
813 -> 1781,539
814 -> 815
815 -> 475
816 -> 814
817 -> 819
818 -> 817
819 -> 1047,802
82 -> 84
820 -> 1279,1384,821
821 -> 822
822 -> 209,849
823 -> 1732,236
824 -> 825
825 -> 823
826 -> 250
827 -> 828
828 -> 826
829 -> 1142,499
83 -> 82,910
830 -> 829
831 -> 830
832 -> 1711,833
833 -> 834
834 -> 517
835 -> 836
836 -> 2570,575
837 -> 1359,835
838 -> 839
839 -> 840
84 -> 59
840 -> 2490,490
841 -> 843,863
842 -> 1877,55
843 -> 842
844 -> 2508,845
845 -> 2301,846
846 -> 296
847 -> 1020,1786,822,996
848 -> 2461,847
849 -> 848
85 -> 198,393,53
850 -> 166
851 -> 852
852 -> 850
853 -> 854
854 -> 348
855 -> 2018,853
856 -> 858
857 -> 856
858 -> 302
859 -> 315
86 -> 85
860 -> 859
861 -> 860
862 -> 841
863 -> 864
864 -> 1697,862
865 -> 866,977
866 -> 57
867 -> 865
868 -> 2101,755
869 -> 868
87 -> 114,266,86,96
870 -> 1583,869
871 -> 873
872 -> 738
873 -> 872
874 -> 177
875 -> 874
876 -> 2048,875
877 -> 2046,878
878 -> 1171,1428,1999,879,973
879 -> 401
88 -> 89
880 -> 882
881 -> 880
882 -> 295
883 -> 727
884 -> 883
885 -> 884
886 -> 888
887 -> 886
888 -> 579,916
889 -> 523
89 -> 352,90
890 -> 889
891 -> 890
892 -> 224
893 -> 892
894 -> 893
895 -> 458
896 -> 895
897 -> 1396,896
898 -> 900
899 -> 2677,898
9 -> 1,2532
90 -> 181,8,958
900 -> 738
901 -> 1072,903
902 -> 388
903 -> 902
904 -> 736
905 -> 904
906 -> 905
907 -> 909
908 -> 907
909 -> 122
91 -> 93
910 -> 912
911 -> 83
912 -> 911
913 -> 2742,915
914 -> 913
915 -> 431
916 -> 918
917 -> 888
918 -> 2649,917
919 -> 921
92 -> 128,15,188
920 -> 61
921 -> 920
922 -> 510
923 -> 922
924 -> 923
925 -> 1000,333
926 -> 925
927 -> 926
928 -> 241
929 -> 930
93 -> 655,718,92
930 -> 928
931 -> 933
932 -> 666
933 -> 932
934 -> 935,989
935 -> 255
936 -> 934
937 -> 938
938 -> 939
939 -> 2124,407
94 -> 158,95
940 -> 941
941 -> 942
942 -> 2737,435
943 -> 121,1613
944 -> 943
945 -> 1268,944
946 -> 528
947 -> 946
948 -> 947
949 -> 950
95 -> 262,281,87
950 -> 1769,490
951 -> 949
952 -> 675
953 -> 952
954 -> 953
955 -> 956
956 -> 957
957 -> 631
958 -> 960
959 -> 90
96 -> 2172,390,94
960 -> 959
961 -> 963
962 -> 327
963 -> 962
964 -> 310
965 -> 964
966 -> 965
967 -> 969
968 -> 967
969 -> 99
97 -> 99
970 -> 1538,971
971 -> 610
972 -> 970
973 -> 1294,974
974 -> 975
975 -> 878
976 -> 978
977 -> 976
978 -> 865
979 -> 981
98 -> 1036,218,49
980 -> 586
981 -> 980
982 -> 983
983 -> 984
984 -> 136
985 -> 987
986 -> 985
987 -> 2053,805
988 -> 990
989 -> 988
99 -> 137,968,98
990 -> 934
991 -> 993
992 -> 138
993 -> 992
994 -> 1325,995
995 -> 847
996 -> 994
997 -> 507
998 -> 999
999 -> 1369,997
