806 2450
792 624
777 662
700 397
377 256
550 533
324 419
218 592
471 806
610 411
47 568
105 623
182 794
54 207
459 682
754 215
115 722
673 213
445 254
215 456
322 363
764 351
382 273
223 482
26 615
104 677
451 581
158 347
164 425
57 164
421 454
166 732
637 268
273 652
312 523
775 162
524 85
800 312
656 101
472 337
688 257
350 797
372 604
263 479
49 140
144 526
163 369
331 240
362 527
190 224
302 798
51 209
271 682
753 172
331 321
581 252
214 416
682 292
367 130
246 314
586 119
471 416
518 469
696 342
479 416
136 687
449 307
674 633
311 536
244 281
78 171
446 448
30 206
179 186
350 638
678 799
669 397
375 475
126 408
556 1
603 7
228 517
299 575
121 120
670 718
733 257
513 73
360 292
86 372
2 489
160 790
26 35
243 241
188 777
426 12
598 275
321 805
196 217
126 560
453 694
629 557
479 586
152 532
635 672
248 83
247 592
323 643
584 567
163 653
646 126
630 19
748 452
489 56
608 637
633 161
366 459
167 46
388 732
632 477
281 671
66 415
93 417
614 406
9 760
263 744
322 164
607 72
357 633
478 372
805 491
156 35
599 265
88 665
16 347
677 26
308 358
756 687
80 269
616 676
540 256
648 533
61 406
724 519
285 739
35 656
186 756
702 315
483 227
306 494
256 236
662 420
166 441
666 126
432 88
786 161
240 363
611 332
524 199
449 366
512 519
628 582
286 620
645 711
43 284
668 502
203 147
655 232
515 508
627 106
537 291
664 341
431 505
728 439
16 472
289 222
787 331
128 348
441 336
744 236
747 73
468 194
260 789
700 472
781 373
549 606
111 663
739 800
577 496
243 689
360 62
749 135
551 402
721 27
779 432
502 482
640 15
252 528
660 639
347 780
3 702
478 54
652 703
253 452
221 773
79 295
284 517
26 789
98 678
100 723
233 341
417 526
109 80
204 287
114 726
170 545
689 535
404 227
42 170
44 415
692 605
311 730
157 358
570 760
169 438
445 683
357 111
213 805
219 66
383 640
205 736
318 175
513 301
22 691
519 222
62 336
411 72
563 631
196 703
171 525
567 7
167 192
557 568
145 53
456 403
94 80
277 139
409 3
533 780
183 113
384 285
99 545
45 677
800 524
138 239
731 36
434 553
256 382
296 538
318 603
180 469
588 506
719 266
171 250
698 558
266 65
35 698
18 363
168 302
427 523
779 766
652 64
598 347
599 331
125 149
165 377
59 523
796 397
779 335
764 120
565 248
38 72
426 592
482 690
67 350
211 805
140 658
783 669
201 574
55 289
262 200
122 24
655 173
378 571
692 726
364 736
625 714
368 168
333 603
236 503
99 482
427 100
638 163
418 523
435 411
440 133
473 428
651 449
781 798
283 770
432 248
286 231
436 528
793 209
192 275
433 95
750 108
436 647
520 625
747 692
134 58
669 26
361 269
456 23
385 13
392 436
709 697
799 118
268 433
329 165
554 93
46 703
803 448
397 473
92 791
165 77
185 460
65 425
379 479
622 66
145 17
213 37
135 579
462 787
67 447
366 513
594 723
369 716
579 455
212 142
638 173
677 393
747 510
696 141
491 507
324 530
238 532
297 70
356 283
690 32
415 754
43 103
717 260
535 200
658 200
215 614
22 736
689 550
790 429
748 71
610 32
761 123
5 186
498 220
190 254
31 32
286 216
363 742
629 117
263 647
364 145
210 550
774 204
761 355
465 132
342 322
697 484
401 231
739 682
229 244
692 614
161 124
385 129
315 157
60 28
662 302
774 308
794 670
745 593
48 468
674 376
322 165
71 130
457 314
503 635
463 244
559 544
564 671
779 709
178 68
677 467
416 561
330 155
331 267
358 398
53 15
11 229
682 10
650 211
523 758
158 572
654 794
508 673
783 490
330 535
93 708
576 125
274 469
117 344
65 437
323 67
587 8
400 771
773 56
480 614
679 517
9 606
537 503
771 562
14 134
234 735
628 86
60 80
779 124
158 11
33 165
130 793
222 228
594 571
687 703
760 265
106 30
659 403
215 522
753 167
422 287
354 673
686 652
377 768
229 698
239 10
128 328
273 92
461 372
80 422
336 235
670 597
747 101
570 483
734 296
607 58
403 431
82 252
462 277
211 480
729 168
379 393
329 282
735 605
441 721
355 55
778 781
66 190
452 592
108 242
788 124
790 360
114 658
649 101
631 710
288 219
524 507
223 462
705 497
192 300
802 259
438 764
482 300
136 366
363 584
668 54
632 707
604 263
590 726
385 568
188 49
595 627
624 706
331 148
648 82
265 83
447 352
175 111
379 93
397 481
164 508
336 291
526 6
15 806
76 477
630 513
81 113
431 247
101 126
138 200
325 645
569 292
167 568
661 260
95 506
117 739
56 192
130 516
608 577
48 676
200 639
536 260
630 745
651 536
727 763
620 412
150 342
9 277
639 742
187 779
638 157
161 178
476 750
437 528
647 310
154 467
799 481
749 609
211 68
81 766
671 699
356 727
413 333
694 742
700 684
740 701
355 409
729 132
784 100
52 501
513 109
550 639
180 423
402 113
650 629
372 169
673 426
346 121
331 42
540 363
543 805
583 327
90 521
788 330
91 746
229 472
96 735
246 10
763 156
781 277
603 733
270 241
698 187
735 434
278 369
693 777
766 369
303 227
278 789
120 73
216 306
663 247
684 339
23 148
280 366
395 789
324 543
682 450
558 721
761 459
723 380
10 241
484 794
180 126
238 172
735 534
459 724
202 656
639 447
469 403
734 385
421 272
210 741
317 3
112 271
607 761
260 545
542 13
636 376
464 257
50 534
552 748
610 501
224 312
277 290
79 178
379 126
499 469
475 92
104 683
385 372
794 728
228 743
541 391
172 737
749 292
383 14
292 443
242 519
648 339
194 472
353 175
437 441
138 406
427 255
215 201
92 180
649 370
298 96
802 282
45 266
342 121
308 57
273 233
651 419
138 600
714 699
508 622
606 190
131 100
715 354
774 446
629 670
379 312
359 700
326 741
742 614
693 439
71 153
38 153
773 218
6 557
69 392
706 540
343 211
291 473
754 620
593 156
663 796
23 75
706 715
507 490
720 724
348 781
656 272
399 67
439 40
4 206
170 153
461 123
206 635
672 112
600 717
713 466
65 345
288 51
254 72
763 248
350 785
156 397
412 601
70 101
664 72
66 446
283 787
268 56
272 512
334 265
547 417
252 254
360 739
788 483
129 478
583 471
373 478
325 768
622 726
319 468
757 376
632 340
279 638
47 792
586 423
40 31
332 568
166 579
515 560
8 659
249 340
801 74
20 630
450 537
91 419
145 783
371 518
687 276
619 66
106 710
695 11
632 673
72 291
681 564
538 512
353 667
636 661
89 718
112 345
610 691
485 627
225 30
153 412
109 644
114 593
703 657
640 382
70 369
329 723
113 561
225 248
558 42
671 324
307 283
661 222
663 206
424 648
349 770
138 189
550 179
487 637
744 139
66 395
782 493
213 131
81 163
348 622
65 436
485 548
308 483
588 800
483 92
702 151
744 266
373 126
92 71
47 737
204 791
374 344
266 369
252 759
91 281
721 642
151 686
190 805
321 327
263 753
490 515
128 631
435 629
477 775
578 361
211 474
565 456
779 329
389 694
350 446
225 701
372 79
119 745
504 447
767 267
15 310
655 517
573 521
540 265
652 339
527 573
551 746
372 365
427 199
267 203
787 423
274 379
21 424
447 567
176 143
62 580
607 74
573 401
38 794
100 294
541 584
321 122
182 211
596 168
309 793
430 654
523 796
410 585
640 528
26 774
193 322
413 636
71 353
242 431
145 368
111 752
596 183
210 686
564 483
218 35
403 79
668 14
337 236
376 449
711 104
382 251
310 77
706 360
694 494
290 598
735 312
555 507
312 567
442 167
20 80
707 196
107 804
316 425
670 382
334 679
502 36
534 417
3 228
403 523
334 726
601 154
450 412
15 35
310 176
458 25
80 539
724 646
16 307
236 584
74 572
382 77
597 320
239 646
365 711
277 421
62 761
708 766
267 102
472 126
751 568
119 648
176 663
283 621
607 25
667 476
63 650
517 556
224 114
77 688
575 433
502 328
343 166
794 309
706 83
210 204
214 177
643 117
147 687
96 171
520 330
517 783
209 794
484 258
529 315
303 48
542 41
786 426
273 690
349 509
243 221
47 192
620 403
31 145
643 649
553 478
220 78
427 684
485 265
105 672
472 616
164 563
723 79
332 172
794 316
669 235
513 442
377 352
727 21
378 708
312 64
647 771
269 249
572 342
368 343
563 237
339 320
801 253
748 215
414 274
329 295
124 88
155 610
564 462
527 251
740 708
365 393
493 596
539 649
100 714
157 700
321 739
394 548
162 159
716 602
682 147
497 705
277 3
171 512
462 1
264 8
325 188
695 408
381 805
274 417
132 458
683 714
49 421
449 141
569 441
374 235
576 5
627 279
338 200
799 341
730 563
621 373
440 776
420 294
7 205
95 532
520 134
115 362
796 390
449 21
638 161
728 560
511 142
403 17
4 128
773 589
110 489
660 548
49 535
282 411
321 281
308 746
785 256
424 83
531 564
323 659
684 238
614 669
616 129
543 293
526 359
638 168
622 358
306 519
4 739
63 64
15 566
472 40
100 503
139 311
677 224
419 602
666 12
172 130
707 322
467 681
247 624
340 86
638 789
97 676
332 261
356 387
782 163
454 687
806 229
457 353
776 802
427 798
164 784
716 293
94 749
243 589
392 582
232 261
103 514
161 322
40 311
134 42
436 144
324 247
162 163
480 413
513 281
594 603
543 109
88 610
766 677
216 140
141 713
114 394
723 703
119 191
363 323
772 186
149 319
795 75
83 128
301 73
447 62
747 153
68 801
233 504
212 520
276 377
276 182
627 367
796 112
472 142
769 371
225 448
794 806
430 188
749 744
806 102
596 72
585 184
11 791
507 517
132 203
740 32
651 455
355 2
302 767
638 373
289 538
625 299
401 222
113 641
241 340
278 169
635 75
156 411
584 454
754 343
792 584
280 423
64 404
635 56
449 430
198 350
391 501
645 736
499 288
249 62
517 261
285 646
423 196
38 744
438 205
153 429
796 329
617 105
339 376
235 545
453 256
22 202
278 160
616 228
411 599
103 320
488 418
761 77
706 493
10 302
266 635
610 449
177 140
566 348
452 223
532 228
182 447
55 167
723 594
575 733
774 587
494 474
650 596
523 117
725 358
319 30
121 771
303 304
659 72
37 191
627 636
518 765
667 24
465 427
229 338
316 196
18 83
364 414
629 422
612 290
722 85
650 195
541 656
619 144
692 106
111 532
311 214
441 179
593 606
134 788
220 108
19 564
493 533
224 87
564 163
396 711
396 780
584 419
600 609
344 437
610 477
649 655
57 533
104 794
12 533
203 606
790 59
407 417
795 44
672 273
249 653
657 67
658 145
750 149
18 50
127 660
477 58
445 17
104 56
799 72
431 567
90 119
163 170
754 379
718 184
313 204
573 651
171 727
410 228
768 803
331 359
630 345
387 25
317 285
173 195
802 533
322 638
380 521
633 714
537 155
518 343
149 357
189 664
614 278
778 87
137 293
483 122
247 205
432 126
569 221
428 627
466 698
68 666
307 71
574 644
542 553
134 293
620 212
210 651
275 730
315 38
7 702
657 172
252 128
220 678
536 735
403 309
669 359
305 221
254 605
167 563
349 652
443 331
320 260
157 505
484 543
196 1
608 502
511 381
522 615
564 296
564 353
358 224
44 407
447 481
565 121
477 553
439 150
402 120
377 749
193 776
124 449
74 695
571 223
440 384
349 645
25 247
278 643
561 485
193 3
160 783
380 765
289 237
471 733
386 247
278 388
638 730
457 581
272 242
438 372
317 211
382 142
750 653
365 220
58 286
540 768
45 681
483 474
339 577
404 564
534 472
558 466
66 759
13 785
432 539
80 45
85 793
512 218
755 452
604 333
329 294
495 657
157 575
432 751
691 806
674 40
626 506
318 606
393 613
655 495
531 181
298 432
523 354
581 274
82 203
707 795
76 83
367 589
715 549
330 112
701 522
391 435
375 405
86 232
346 487
733 580
204 803
173 684
690 163
377 369
326 330
555 566
116 327
26 446
201 639
468 594
112 81
238 753
41 91
278 280
372 24
444 445
564 703
551 478
20 764
114 188
149 395
209 144
121 551
375 760
169 682
326 135
75 126
80 797
212 317
780 525
133 605
209 434
427 263
708 455
582 103
555 3
258 385
605 117
540 162
227 210
70 410
116 566
64 320
686 613
581 38
671 499
716 728
4 585
385 614
614 37
43 14
353 743
542 100
265 24
124 83
1 408
789 725
791 264
280 507
161 463
167 725
400 794
516 35
351 469
725 781
173 11
49 626
183 86
227 599
591 561
760 407
177 298
716 294
668 385
10 154
252 392
435 714
348 420
369 617
333 56
228 698
617 546
253 651
344 718
664 621
294 37
115 781
84 430
239 697
633 313
561 52
121 218
603 657
806 790
551 156
443 630
501 180
689 795
140 430
583 417
382 617
679 583
130 161
331 477
423 435
761 352
744 488
101 85
672 511
216 769
163 590
630 2
575 456
667 635
617 15
2 610
660 29
18 560
57 64
777 644
667 165
190 228
302 326
331 32
776 214
102 236
121 647
308 486
134 37
707 229
69 799
587 350
364 282
257 624
609 539
367 255
600 397
269 350
396 682
788 676
312 138
239 732
69 561
503 790
60 751
408 87
245 331
179 268
616 548
448 397
76 436
719 119
315 568
616 555
319 404
253 193
345 96
74 59
612 226
45 746
344 797
617 560
448 139
398 580
240 749
666 524
459 774
305 668
83 682
804 690
279 534
538 92
521 522
617 542
390 344
579 678
216 790
417 478
346 153
331 10
334 5
736 774
45 174
301 196
157 95
127 630
536 557
669 457
49 758
431 657
186 544
317 608
494 735
424 133
132 596
117 621
615 451
716 764
628 227
147 369
167 519
591 618
524 703
121 577
212 179
512 516
785 752
57 92
420 384
192 632
139 488
609 246
112 1
316 622
355 541
509 104
640 348
182 313
206 179
426 304
63 368
528 119
379 717
784 129
313 453
265 199
60 329
387 139
614 565
559 412
28 239
157 407
322 3
622 707
366 791
648 36
119 144
730 762
234 48
509 234
73 521
754 602
482 460
299 654
409 527
643 248
111 556
42 798
186 788
11 476
15 444
536 77
366 480
294 790
465 603
337 473
13 543
55 138
134 175
49 501
123 657
108 766
172 762
421 442
204 284
96 509
597 564
184 325
404 224
307 586
399 14
772 512
354 124
233 598
750 499
590 442
422 357
413 581
793 609
750 60
330 651
439 604
444 521
211 366
633 776
754 274
257 106
618 680
708 743
252 555
23 777
547 38
87 300
273 342
550 81
77 139
462 192
543 521
50 495
170 532
264 711
618 183
232 518
801 670
4 70
574 437
775 364
688 141
66 350
582 437
150 530
678 471
177 210
141 375
219 46
782 252
482 436
525 465
716 490
520 154
575 417
774 451
205 177
92 371
204 495
689 426
194 53
30 226
32 781
584 312
789 554
579 154
339 788
323 718
268 296
547 305
112 639
223 51
325 701
623 7
163 230
23 697
539 28
44 598
755 39
147 708
721 129
179 87
722 602
722 758
745 513
634 801
520 122
310 467
296 637
260 54
209 151
779 376
715 208
643 527
71 782
679 640
652 711
190 770
265 22
653 37
361 727
638 715
108 511
729 560
326 477
55 683
185 312
9 106
726 233
583 688
33 457
586 695
328 667
131 411
459 589
134 201
279 613
233 207
286 323
364 556
241 756
408 536
778 500
252 409
538 63
171 185
122 465
298 516
298 426
212 599
47 574
304 360
485 525
752 161
662 392
422 621
519 17
243 759
746 297
103 201
123 576
417 99
392 7
94 398
39 236
773 81
479 432
742 480
555 20
46 166
177 472
716 720
458 381
444 357
232 504
736 56
440 741
793 167
529 685
731 290
278 367
100 262
718 289
712 429
601 648
605 795
258 690
23 284
98 264
119 733
62 695
105 797
560 237
637 582
528 390
468 473
676 723
217 367
611 148
684 70
394 180
372 658
659 55
238 407
375 778
538 73
535 585
173 648
140 471
194 728
39 448
540 683
150 630
667 664
134 801
504 69
781 736
103 643
531 9
189 321
576 750
403 219
687 193
102 483
343 314
606 478
631 57
578 167
412 190
217 786
571 172
218 566
437 285
130 1
205 635
444 481
230 406
419 632
424 56
298 651
617 532
779 261
545 205
710 330
124 425
613 244
628 444
742 396
728 21
639 193
291 738
182 514
738 242
498 197
764 547
550 288
692 381
359 723
663 475
738 686
260 481
758 725
279 441
72 460
573 405
24 111
374 699
652 511
320 112
105 132
517 605
408 194
133 287
190 271
32 110
588 422
229 753
184 281
116 342
260 150
203 747
360 272
105 422
551 180
51 513
9 40
281 787
434 701
168 806
298 182
449 325
586 708
645 551
298 780
411 106
803 6
199 11
182 65
332 227
99 805
465 616
529 746
141 740
79 710
720 576
246 744
377 623
671 148
787 30
69 721
482 680
687 54
90 194
455 5
517 26
332 139
596 178
194 763
29 101
798 525
59 344
498 293
63 630
743 146
674 237
345 161
629 39
503 567
264 302
70 573
677 585
309 508
723 15
581 436
11 334
505 514
136 621
786 149
113 239
352 801
116 172
705 342
157 510
731 76
509 630
493 145
611 457
759 193
766 141
330 574
495 121
777 245
251 16
72 488
291 51
350 680
239 457
350 755
774 588
64 34
90 212
256 723
495 757
242 452
799 56
68 643
219 361
153 797
156 382
123 245
527 212
216 70
753 286
388 153
742 141
796 672
302 707
547 378
710 497
118 593
663 250
246 415
780 310
436 237
151 559
450 656
144 16
249 509
480 717
85 798
763 711
214 626
565 394
769 103
206 285
445 678
409 624
560 543
87 81
713 386
330 691
187 112
653 371
637 130
568 75
35 613
418 337
466 271
273 437
220 367
592 320
359 370
579 17
708 468
251 515
674 698
371 609
697 523
256 85
58 692
387 119
173 37
637 512
599 329
150 383
297 729
803 662
760 36
11 342
363 760
17 461
788 356
497 559
354 6
779 43
375 113
381 538
160 307
73 9
399 298
132 82
174 265
801 139
675 292
296 34
444 234
501 444
799 143
87 212
396 658
680 627
219 452
276 456
603 695
417 707
753 425
73 756
570 666
221 105
404 575
542 734
582 567
180 265
644 447
428 289
27 613
632 323
500 265
284 736
530 648
287 341
71 119
24 360
355 781
673 589
252 387
445 316
187 657
367 7
645 640
318 729
86 30
678 754
58 321
517 267
424 513
407 481
223 32
156 39
797 566
174 322
489 687
680 609
178 555
777 663
461 305
724 39
706 630
143 37
382 167
542 329
313 701
557 76
284 413
624 290
660 299
353 271
451 804
431 463
628 345
709 157
44 250
361 394
569 352
25 360
277 371
269 130
346 353
113 542
261 83
465 117
195 806
682 662
740 61
742 265
30 547
434 408
516 30
301 681
380 697
271 570
533 270
402 768
595 339
8 663
26 218
410 189
598 602
506 771
757 550
561 65
168 700
278 331
65 446
582 78
469 468
715 619
389 755
211 440
157 222
488 595
253 642
335 428
46 747
746 263
316 201
695 502
398 754
544 485
312 662
161 555
291 155
383 12
774 297
557 183
741 229
703 608
233 534
294 98
742 315
710 535
265 275
212 49
768 97
35 111
611 672
594 27
680 700
49 191
236 145
348 365
259 346
338 705
428 546
361 699
75 226
696 380
440 408
220 710
183 498
388 71
373 527
585 546
311 104
420 13
258 160
352 240
672 201
49 749
765 431
451 228
452 75
532 112
471 292
720 683
661 783
155 402
104 640
730 482
768 134
678 697
168 657
184 301
106 99
154 294
561 625
800 220
34 723
662 566
185 178
240 638
188 73
217 52
416 547
61 636
462 450
212 761
143 158
236 793
718 173
758 201
742 600
340 338
735 417
125 671
189 786
118 731
411 178
505 646
569 684
109 581
272 758
521 196
540 237
430 509
395 45
215 420
516 723
404 664
767 397
128 799
644 149
517 417
573 196
506 509
406 213
27 189
620 276
431 215
551 187
5 19
707 767
743 229
690 572
567 795
552 464
551 8
737 52
333 535
66 639
154 331
512 467
17 161
574 561
171 699
99 38
9 383
455 405
338 722
51 581
251 464
493 40
93 547
97 125
387 721
299 172
507 571
571 341
420 210
706 42
598 425
330 790
615 181
66 371
583 332
287 275
787 772
273 449
336 640
134 280
672 521
12 439
52 750
308 91
737 546
444 80
725 193
746 198
412 758
454 89
699 401
220 673
167 607
494 501
44 733
47 410
179 351
397 300
642 243
453 164
122 328
729 416
396 638
787 781
704 471
391 79
7 84
565 538
512 666
158 405
414 110
201 661
737 571
607 464
76 6
706 374
265 465
74 547
619 252
646 627
793 272
254 290
445 371
138 560
507 460
624 34
199 676
683 731
244 488
246 412
102 433
156 680
713 167
787 713
487 510
295 651
222 633
226 654
133 66
543 523
390 630
794 438
604 369
406 399
648 789
721 321
767 473
163 561
386 90
351 171
390 626
562 483
273 796
301 792
84 600
470 625
334 456
612 503
23 341
614 471
218 249
601 578
160 707
399 300
150 141
13 549
371 360
34 426
641 754
774 566
388 31
394 383
574 71
206 7
67 351
75 705
53 518
519 407
208 423
774 248
561 552
330 595
520 52
776 158
395 374
251 648
581 586
1 340
585 465
456 542
375 406
624 642
274 614
540 333
797 633
49 241
229 757
306 736
143 214
351 405
729 122
663 66
78 660
438 348
228 800
505 11
673 774
102 600
654 341
454 689
37 648
275 442
665 682
761 171
301 718
71 594
422 418
423 304
27 680
659 714
7 527
769 565
45 633
282 278
362 88
697 475
492 177
148 435
4 114
367 659
705 800
101 509
