821 2719
33 629
768 53
698 724
385 635
696 29
701 133
465 809
213 288
46 812
620 749
15 675
521 139
122 423
30 569
566 415
149 687
224 507
404 345
777 404
266 752
319 517
808 115
476 724
648 135
371 493
669 196
321 532
567 126
18 588
475 14
111 345
683 40
397 821
343 704
406 469
176 811
36 271
224 620
741 611
140 733
328 69
627 478
243 114
722 771
523 766
156 304
584 150
671 605
621 629
473 730
183 334
403 409
777 164
216 458
507 221
753 293
652 460
154 739
493 645
587 791
343 245
517 608
295 118
522 707
356 445
139 7
621 119
508 817
642 178
652 306
449 307
620 254
73 664
93 431
655 428
134 807
691 486
73 470
737 612
555 96
538 741
9 497
322 654
476 383
757 794
686 211
17 258
497 618
672 700
4 500
807 97
133 291
21 604
113 96
224 667
653 774
694 226
397 701
469 784
36 213
662 97
208 263
737 280
147 356
404 381
353 229
208 731
135 48
102 45
159 757
278 482
44 545
705 505
618 720
664 472
281 98
374 394
670 743
250 140
485 552
820 272
508 549
159 811
723 454
334 548
263 725
687 565
355 459
726 718
250 255
677 463
677 35
498 564
634 89
807 583
559 364
603 589
724 74
286 62
289 778
225 600
335 365
281 785
229 48
197 530
400 336
24 643
223 237
778 161
203 404
229 129
359 541
159 31
487 642
439 368
491 79
375 343
642 301
473 219
76 139
169 639
166 667
801 405
143 23
455 225
679 396
349 404
704 626
7 249
356 378
731 171
808 721
304 602
225 706
134 585
355 505
413 83
161 186
804 306
574 196
148 363
556 408
103 363
320 90
165 190
244 259
801 430
288 780
1 786
184 99
538 228
297 594
270 604
532 665
19 582
292 744
518 331
810 784
704 307
315 601
434 422
363 468
701 484
469 731
572 337
734 372
274 462
593 564
316 354
778 437
684 164
138 411
302 256
429 281
547 624
507 196
586 541
473 483
356 70
276 31
572 600
242 224
635 724
289 603
159 783
387 403
297 740
302 553
547 81
755 220
95 489
66 331
603 685
162 429
236 228
572 187
495 19
6 689
354 123
796 70
138 386
428 757
782 586
590 531
534 300
274 805
45 539
362 185
544 510
471 507
437 754
332 662
719 657
337 296
140 192
495 656
38 94
204 818
8 29
229 379
212 210
802 773
132 361
387 227
33 689
33 228
658 551
257 659
366 815
150 139
783 59
803 258
78 274
708 602
325 181
677 32
110 163
165 796
611 804
481 660
795 445
123 347
116 90
704 550
64 464
619 539
727 346
236 105
4 359
523 510
546 136
395 546
412 732
16 155
145 447
515 200
493 337
555 474
648 712
186 267
304 139
708 319
289 735
624 486
810 241
665 735
261 529
136 533
466 666
416 816
258 24
265 503
81 174
775 503
299 454
796 536
397 56
292 239
800 660
441 665
579 159
267 287
328 219
97 258
650 421
63 200
374 184
321 663
522 243
435 411
509 672
703 375
779 469
560 645
211 810
13 458
497 752
571 416
477 722
117 182
176 680
160 135
395 349
605 129
418 150
365 637
323 188
500 484
503 531
519 795
665 312
634 738
800 395
397 328
128 740
275 554
613 35
409 253
502 674
802 809
605 361
184 474
794 200
406 361
577 819
95 490
268 330
34 699
606 280
418 145
129 802
542 757
340 84
356 453
497 577
202 750
642 439
650 538
29 591
200 472
510 288
497 583
546 769
599 436
643 390
221 654
792 299
481 289
228 413
230 489
264 64
210 443
754 69
645 333
151 337
622 387
650 94
63 231
691 774
51 346
201 585
806 597
128 364
21 36
764 787
120 225
48 659
106 476
132 742
6 284
335 565
48 477
431 353
379 16
803 197
641 104
558 170
364 145
554 276
358 300
61 175
251 482
179 659
805 587
790 795
792 464
708 282
115 184
801 262
626 703
382 281
371 40
705 744
133 474
589 816
447 468
285 281
89 310
349 295
723 563
672 646
320 110
550 500
294 472
671 819
119 806
42 505
103 788
235 711
191 107
756 21
406 666
133 434
246 528
284 373
734 318
203 434
61 507
580 541
282 504
102 786
468 483
490 777
733 90
147 350
679 713
209 700
673 759
377 690
709 209
68 239
256 96
517 436
792 152
295 432
705 585
631 609
173 329
98 582
514 263
128 187
292 284
258 457
460 141
812 698
178 602
360 777
667 56
566 457
93 472
24 107
320 124
730 661
15 226
273 775
399 639
522 185
705 335
571 610
314 50
120 736
391 271
729 63
167 545
381 234
445 653
172 203
139 696
227 348
30 754
425 783
618 294
11 348
16 348
127 86
733 535
55 64
811 376
209 219
480 195
518 60
60 439
777 265
262 181
155 109
746 88
359 144
676 214
347 482
202 790
42 579
757 13
210 631
317 636
691 508
586 167
514 136
643 682
723 347
365 773
280 814
118 466
173 402
797 141
820 82
762 258
162 219
474 748
60 338
761 241
64 79
134 742
16 482
288 647
4 697
691 647
688 270
65 480
29 26
124 806
159 651
383 263
408 774
781 688
731 170
197 207
560 247
187 756
578 571
546 221
55 813
342 726
520 101
416 660
721 606
477 197
795 464
817 67
185 79
288 670
751 462
785 559
499 201
300 494
176 671
251 466
294 192
773 244
577 649
299 174
84 178
29 132
729 630
107 326
715 496
200 718
245 732
277 123
377 742
783 92
761 626
399 573
130 620
202 545
660 785
690 791
236 238
213 51
690 341
46 76
137 283
69 85
767 2
623 627
160 812
152 713
634 341
410 724
160 212
253 777
650 629
299 763
757 754
35 59
666 270
405 149
561 487
449 368
606 598
567 578
453 46
402 275
558 131
501 652
779 57
601 630
817 657
582 462
487 451
658 557
653 536
633 597
702 643
338 548
327 759
123 682
143 505
128 4
183 652
545 447
773 706
464 689
557 175
695 395
368 520
296 394
741 654
338 765
706 534
393 638
446 752
127 543
238 630
59 352
259 431
339 208
455 275
477 23
579 760
130 341
438 578
275 91
441 68
597 348
762 86
446 215
673 420
216 313
14 794
734 735
737 796
293 411
421 86
596 548
27 227
658 300
377 362
31 445
54 525
365 505
371 669
85 676
338 647
640 650
603 299
68 515
626 120
442 779
679 29
684 547
135 68
485 7
158 654
507 367
474 547
517 536
238 806
519 190
610 499
178 62
381 507
637 321
55 109
352 186
354 146
83 592
541 681
802 676
473 763
22 573
775 507
137 659
304 818
372 110
274 91
95 302
97 71
137 809
482 161
316 589
214 498
270 117
45 662
66 317
284 81
821 443
296 383
591 545
512 434
388 594
272 77
552 730
23 735
715 576
679 19
87 78
752 625
342 660
715 394
96 111
166 454
714 798
325 756
144 539
17 291
200 466
294 268
709 547
351 607
689 79
226 702
127 425
623 564
74 240
149 189
629 480
83 2
590 468
34 696
272 211
707 697
119 528
28 816
171 229
470 689
437 99
222 746
366 164
342 416
783 634
401 133
664 72
739 195
499 733
544 467
653 90
428 815
585 439
684 337
772 35
280 448
63 768
651 723
104 719
212 432
512 769
361 365
659 521
696 381
104 629
93 617
521 163
426 787
465 319
635 368
567 257
405 531
591 399
24 191
339 617
249 30
256 338
19 750
539 432
84 108
196 251
506 313
583 636
584 294
306 382
404 524
401 452
205 407
759 784
280 18
243 433
209 423
564 738
176 292
529 497
53 222
770 64
662 391
593 313
389 273
685 798
516 633
621 491
253 646
253 380
127 712
352 697
22 364
335 819
680 508
755 800
226 305
339 735
340 313
396 512
609 315
183 328
439 55
423 473
351 780
743 197
581 250
802 162
820 261
270 169
80 707
185 156
536 756
810 511
757 473
516 547
411 344
602 637
783 117
506 766
205 679
220 355
473 688
99 151
545 785
654 422
566 324
142 129
550 727
665 450
743 567
605 562
456 535
256 590
795 531
61 160
635 208
303 296
20 608
150 291
373 239
376 242
418 338
74 140
592 380
538 287
209 377
816 815
620 247
382 525
98 684
238 331
133 459
232 683
238 185
789 511
607 536
739 774
632 694
300 663
690 340
621 470
549 521
714 350
200 365
736 250
203 69
494 580
369 736
619 343
527 573
404 177
748 673
469 379
587 424
366 440
77 240
301 29
392 448
255 415
611 578
139 520
553 695
455 370
375 237
174 439
582 805
291 802
798 447
303 481
288 331
789 75
59 191
297 614
488 248
108 654
604 523
660 216
788 405
458 429
57 755
168 810
281 589
654 725
306 50
356 342
611 728
486 179
724 492
746 394
656 457
624 136
819 640
247 795
692 132
424 553
646 136
802 532
196 379
677 185
439 588
669 367
636 147
714 741
311 284
422 41
136 628
191 539
225 227
586 500
572 167
387 792
640 441
416 654
168 649
390 695
723 576
283 517
203 144
257 341
331 490
791 357
128 671
335 660
466 216
394 659
493 252
666 260
652 375
643 725
393 473
215 292
440 103
41 495
632 507
116 660
766 764
609 797
160 298
320 33
708 10
525 620
584 56
288 26
110 292
348 759
366 146
169 694
739 811
666 508
445 375
122 484
489 114
496 236
623 575
26 565
206 746
449 186
782 729
470 47
474 361
807 164
789 681
170 187
461 488
342 340
31 351
604 632
736 769
73 685
426 391
335 323
392 64
447 495
554 801
495 649
524 713
14 106
804 230
36 328
789 150
165 785
124 336
686 262
300 69
746 600
528 224
264 509
683 467
723 661
264 803
619 548
460 226
666 639
495 4
208 315
806 366
662 739
497 712
386 275
229 172
196 529
505 537
768 44
660 106
588 767
59 613
813 105
228 150
20 376
434 539
214 50
605 706
311 603
809 408
573 367
95 288
388 139
136 228
192 438
391 238
656 5
164 722
607 41
701 523
687 29
247 352
249 692
603 517
582 731
668 142
156 165
226 275
230 806
106 813
98 729
503 615
694 158
549 382
220 164
537 209
476 706
386 379
108 307
319 207
253 812
401 249
314 461
747 229
105 667
456 97
718 377
497 289
708 439
358 376
752 660
260 285
779 657
216 219
516 59
240 545
277 164
64 351
546 152
578 570
694 479
549 456
805 606
19 191
58 309
421 255
261 331
429 676
601 294
710 416
153 226
202 443
516 662
421 64
336 718
657 383
321 543
238 222
244 724
153 198
615 345
46 556
323 530
66 291
755 106
664 352
320 598
798 218
577 437
60 85
120 696
475 774
763 414
47 329
250 327
570 569
310 94
791 177
123 377
146 208
481 295
712 634
366 742
293 325
58 129
27 441
697 345
32 465
696 656
769 457
113 663
19 640
169 645
596 129
491 168
516 644
170 306
11 641
485 416
221 112
316 690
761 43
797 754
750 722
271 735
135 746
355 29
28 346
453 286
124 716
316 363
321 475
798 87
507 807
418 557
340 124
92 225
612 309
775 555
116 239
409 214
358 356
343 613
110 389
75 232
243 228
668 67
781 348
32 746
697 90
590 503
332 419
262 420
155 378
398 38
801 727
624 585
455 135
471 445
241 769
242 602
519 130
545 380
245 321
103 331
621 116
768 680
677 418
146 788
225 22
650 644
427 200
690 645
103 13
625 194
570 776
475 481
116 424
582 69
32 737
630 571
316 567
523 515
750 794
40 102
42 195
354 676
89 100
588 429
421 696
102 128
157 397
250 458
237 170
704 187
76 434
296 701
210 424
764 775
637 15
567 754
732 293
510 250
424 204
154 509
321 430
478 354
326 768
312 151
665 34
275 677
462 605
636 440
413 359
493 494
93 105
554 525
222 66
813 368
524 600
317 182
817 650
567 725
605 515
18 168
19 564
528 682
93 779
226 355
688 242
651 782
374 230
601 162
196 607
696 202
642 154
310 633
439 485
80 74
668 587
686 772
709 263
450 116
343 521
736 427
365 434
135 694
418 266
66 4
158 123
620 706
486 714
552 546
486 36
683 159
776 320
117 418
358 610
292 482
687 219
564 89
69 645
215 273
325 102
166 175
741 814
482 579
47 519
215 717
259 527
793 308
778 488
806 323
347 618
683 148
591 775
726 42
565 813
470 163
362 616
308 375
384 277
545 513
410 235
375 548
78 75
621 663
607 19
129 699
761 423
281 429
528 469
799 154
717 789
516 134
352 33
442 287
120 498
736 594
76 293
41 349
495 349
316 398
262 269
68 52
52 270
87 722
223 295
298 455
419 669
486 608
96 201
553 331
220 270
781 672
322 135
497 427
25 70
243 699
320 492
320 81
32 16
729 750
342 392
343 378
386 433
374 643
803 208
673 214
753 44
324 69
56 667
772 526
292 571
667 295
26 30
318 575
51 599
160 291
342 106
270 247
642 668
131 226
385 803
91 334
138 32
14 215
195 660
116 206
457 496
675 745
666 740
350 389
787 650
528 82
195 549
289 117
752 107
623 429
787 604
684 768
418 642
800 615
197 301
798 619
218 4
540 403
620 372
267 228
198 733
287 745
36 709
291 87
186 412
172 159
318 202
817 342
470 683
785 429
129 385
8 440
248 466
691 806
230 43
548 132
736 172
773 308
258 726
119 358
89 535
552 153
94 634
75 612
79 116
595 647
59 597
804 634
300 388
709 602
304 652
485 169
604 766
643 758
368 382
574 585
442 67
526 748
546 246
195 476
261 513
787 256
254 633
148 273
28 542
92 441
602 90
58 713
169 29
373 336
690 639
32 350
88 416
125 58
592 459
663 485
691 634
435 367
130 259
441 84
576 62
407 294
209 603
526 413
322 711
137 476
74 636
29 86
322 397
327 778
428 768
437 305
187 444
409 106
762 312
720 617
688 416
814 559
563 694
231 337
158 179
588 201
806 144
4 487
578 614
448 686
124 567
346 34
238 371
809 208
421 666
465 493
820 443
368 645
137 453
169 15
451 488
506 200
370 733
723 545
634 204
817 370
599 339
196 444
731 782
606 636
96 429
226 769
685 699
211 281
725 385
453 444
572 806
749 484
625 222
436 94
254 765
475 13
765 689
575 237
806 684
98 458
306 468
77 162
775 161
501 481
230 127
159 396
125 737
127 182
109 615
152 502
386 282
447 714
411 509
468 250
733 306
556 267
38 107
77 377
120 228
283 679
322 406
472 293
73 95
736 393
649 364
116 784
158 576
33 151
117 452
267 504
92 518
237 480
402 746
634 762
56 740
492 50
256 299
43 657
529 369
394 489
450 730
162 551
166 564
190 119
40 180
789 491
775 368
242 350
617 556
545 53
654 138
469 21
346 704
744 819
32 516
470 252
181 71
697 790
298 616
374 758
702 266
647 767
334 213
246 75
714 777
348 433
704 212
500 628
229 146
341 552
323 213
108 255
699 491
665 738
612 226
307 220
806 637
810 518
685 410
464 513
356 250
486 578
508 699
496 434
459 774
320 539
714 737
395 542
214 438
159 467
715 457
201 150
2 404
458 114
332 466
760 131
265 287
235 108
514 36
237 459
126 139
483 256
283 175
234 690
772 556
644 25
619 588
31 801
804 554
605 348
533 218
560 579
761 403
688 482
602 677
162 675
704 290
49 265
82 800
513 634
236 809
111 160
624 379
119 782
727 463
284 155
660 622
718 800
560 747
769 449
81 294
501 693
743 154
215 467
674 213
37 78
742 604
206 256
244 243
7 587
767 572
349 264
522 199
724 383
407 616
619 438
655 28
609 551
549 506
281 764
211 149
193 610
512 539
215 272
678 605
220 394
518 42
142 522
582 472
177 780
491 786
737 385
521 684
430 674
47 427
52 177
255 624
755 37
596 329
465 268
86 202
254 603
812 379
762 759
340 510
431 106
325 531
803 584
534 423
206 483
800 119
161 408
35 217
332 103
555 293
672 433
441 210
382 115
129 445
383 670
578 122
24 74
116 59
780 244
621 440
303 352
403 238
611 821
441 602
226 108
185 350
327 808
473 668
520 398
3 674
577 163
499 211
46 83
712 555
21 77
788 317
167 807
743 587
7 694
250 601
676 384
475 781
189 681
389 423
284 643
450 183
714 533
396 740
70 471
607 313
160 768
645 210
615 326
523 353
428 753
379 101
476 255
538 687
9 291
670 718
521 111
218 348
84 414
664 249
792 483
153 1
63 514
192 100
389 170
196 481
417 63
155 623
449 795
167 556
471 725
643 124
517 384
520 444
594 95
359 739
585 352
255 466
554 330
312 49
310 716
424 555
139 727
138 597
87 410
290 463
399 339
239 814
682 150
59 412
222 184
580 810
817 422
118 77
472 625
713 486
91 153
455 487
594 199
481 83
615 223
765 345
143 207
515 46
405 346
263 219
105 35
269 240
128 561
608 198
283 415
425 818
742 364
256 502
232 186
86 126
179 255
676 519
772 275
95 160
264 10
452 684
660 454
346 650
312 225
592 174
4 52
702 39
260 222
299 429
743 340
492 725
46 759
164 604
680 86
249 302
503 58
250 522
253 484
57 695
6 553
153 107
491 71
119 543
448 116
157 254
400 247
77 245
427 88
89 60
89 759
787 626
38 71
549 425
423 236
423 571
601 550
764 182
710 30
644 696
261 98
652 598
176 138
468 23
469 314
360 439
109 408
516 37
563 194
179 278
343 236
664 608
149 557
156 433
379 564
1 622
94 278
22 595
226 589
758 583
429 563
67 135
303 110
105 787
720 614
519 115
688 457
563 701
530 420
33 132
311 416
348 430
42 513
648 86
135 189
68 352
640 214
472 787
663 363
80 296
319 618
123 784
266 344
656 576
34 291
605 461
521 819
388 766
8 751
228 10
446 815
291 234
571 121
628 126
742 194
120 333
780 94
232 263
765 750
398 407
365 619
792 787
23 485
524 526
119 490
93 817
157 670
619 479
730 246
194 392
471 425
474 127
402 189
518 279
719 583
707 560
469 243
788 663
113 169
739 205
174 664
302 461
452 236
533 522
551 298
772 728
76 253
538 176
163 525
475 82
562 10
265 410
671 203
767 199
589 366
185 741
720 40
98 33
295 199
817 355
102 759
782 256
234 567
90 336
753 176
271 261
205 683
223 28
499 575
384 573
19 80
84 222
564 434
430 194
53 764
217 252
588 610
537 11
613 272
464 350
689 448
502 464
625 739
574 275
480 62
578 389
172 284
214 276
164 179
55 113
633 806
393 554
450 675
87 570
716 765
680 486
224 381
297 44
652 738
503 426
220 233
661 445
365 784
39 516
726 157
102 790
233 370
729 533
185 759
682 296
423 416
744 609
175 181
785 33
768 103
821 739
462 116
524 215
122 50
583 802
273 249
608 635
479 229
167 44
423 379
5 807
86 531
414 10
333 74
173 214
33 185
658 153
414 622
110 723
76 428
278 206
745 43
157 610
451 774
813 114
254 551
756 794
26 142
230 797
176 489
390 438
236 339
678 446
37 270
536 132
578 185
66 792
813 802
543 670
70 206
147 73
721 777
613 267
153 178
523 31
62 802
709 594
484 782
88 36
469 804
771 435
809 479
370 575
7 329
151 719
67 56
307 713
92 747
517 582
285 589
269 328
655 154
91 360
555 729
441 329
408 62
202 534
237 154
223 607
90 311
778 276
585 581
89 278
74 450
440 382
465 266
394 339
123 627
625 792
516 140
599 498
30 454
32 545
182 88
93 691
149 129
388 719
467 440
620 274
175 422
308 648
755 576
167 797
28 558
46 433
817 755
391 522
397 110
589 260
165 557
519 658
719 641
408 697
743 798
414 722
774 419
26 155
246 397
531 155
274 464
351 375
80 399
209 346
86 575
53 153
352 436
443 111
65 752
545 113
218 644
661 144
77 105
540 780
334 503
482 452
621 620
286 378
70 8
491 552
725 489
201 108
674 569
538 125
664 732
559 429
669 754
265 65
600 743
235 802
421 543
134 618
482 706
339 768
489 705
128 1
24 808
496 218
488 272
779 351
108 210
643 530
660 668
440 386
791 33
371 119
155 617
448 322
505 330
714 62
754 815
649 681
690 7
488 755
801 435
158 415
200 657
111 563
458 637
209 18
236 69
52 504
632 636
517 237
665 295
372 617
641 222
255 767
217 330
353 22
355 790
305 350
201 567
716 261
773 789
777 338
814 244
584 218
419 108
147 115
244 223
651 425
797 245
31 588
125 706
664 524
666 816
665 296
167 477
722 331
318 809
545 809
359 565
696 722
472 284
664 112
663 695
670 543
605 686
279 784
57 137
187 416
668 447
429 35
395 159
565 412
612 677
295 702
703 461
215 150
648 717
367 215
45 665
29 639
583 153
80 467
176 108
798 603
750 586
474 321
493 110
20 258
369 416
168 704
398 392
672 555
105 43
329 332
800 604
114 500
541 412
587 703
143 501
51 722
772 283
376 65
101 501
639 739
125 794
699 32
496 11
422 338
242 483
478 789
537 333
598 561
33 750
752 663
721 389
399 395
537 46
455 411
357 610
68 637
785 261
565 759
126 293
746 680
119 535
446 438
659 620
659 35
687 403
3 26
776 282
226 177
776 191
126 334
140 785
242 644
602 330
92 134
185 796
58 758
392 578
682 403
748 167
626 625
576 389
740 54
84 676
505 22
472 735
15 721
325 350
606 172
627 668
477 373
422 134
278 155
635 197
252 751
109 178
113 183
114 63
519 363
6 753
816 259
608 719
516 466
21 407
719 800
461 112
759 137
361 146
48 475
818 230
468 617
363 184
383 181
628 238
242 298
633 682
816 216
285 435
72 288
556 18
793 448
371 185
446 307
284 186
640 642
73 204
128 353
665 362
40 3
115 585
790 669
595 573
164 689
566 334
307 120
666 490
170 119
517 243
446 472
781 288
216 457
680 194
20 547
368 201
260 388
392 479
201 370
202 541
702 551
521 57
650 66
10 424
319 422
85 559
229 650
751 419
248 696
656 377
96 342
13 175
272 641
572 477
257 371
810 820
189 291
155 383
89 682
255 550
529 75
576 751
335 437
601 263
68 698
786 198
272 21
795 166
10 623
432 331
394 414
117 736
715 648
735 435
386 180
649 412
44 440
329 728
456 464
264 633
546 521
696 389
400 194
665 409
140 755
619 696
187 295
518 648
465 637
446 98
341 733
657 820
33 207
681 369
665 463
256 261
134 122
341 590
143 610
253 113
210 423
378 382
187 182
613 227
446 154
50 57
566 748
789 648
96 561
740 311
723 345
209 374
327 304
73 652
111 379
262 509
428 346
602 118
176 645
716 517
93 300
511 109
368 245
646 301
72 145
10 54
284 102
658 343
695 421
554 388
772 467
71 394
115 554
812 201
152 330
461 448
506 814
624 228
435 144
240 72
403 622
82 228
151 212
687 317
247 64
121 673
582 173
681 773
87 76
145 558
511 173
666 120
208 235
73 468
105 712
456 671
198 304
611 777
317 483
48 723
360 69
531 734
399 22
476 241
117 193
47 191
323 488
571 817
423 502
544 706
300 229
293 273
93 596
369 235
506 523
768 543
750 366
397 254
678 337
352 802
441 599
688 171
673 662
672 666
673 268
503 273
272 573
109 709
737 303
596 41
575 465
397 586
751 314
293 649
295 288
765 520
323 724
680 19
73 509
65 608
474 52
129 44
114 239
408 229
33 712
56 663
628 15
149 743
132 353
615 259
46 81
697 323
450 92
568 334
179 610
645 819
765 686
218 652
534 168
60 191
633 158
616 631
192 468
428 461
229 625
452 475
805 526
293 404
593 662
746 605
692 603
272 102
185 516
349 72
313 620
154 515
162 22
255 471
530 536
190 1
529 787
70 445
281 250
464 694
339 578
377 46
158 784
15 356
145 336
285 164
480 342
773 567
743 288
570 649
664 625
372 776
564 773
513 692
99 426
236 565
223 744
704 596
144 668
125 705
185 225
629 368
570 386
66 292
144 325
310 118
369 683
713 337
288 703
151 153
426 63
248 766
375 517
361 801
142 324
473 504
453 743
681 265
424 532
101 634
467 662
374 791
474 556
571 374
681 7
310 771
556 47
371 220
232 203
123 505
37 372
313 142
83 599
47 581
67 155
530 234
752 294
328 589
612 707
277 310
315 239
638 593
471 602
754 543
241 109
617 588
462 779
527 493
259 788
799 639
247 373
44 730
329 531
365 341
665 119
352 257
479 477
745 289
111 181
529 221
288 280
593 440
705 73
670 196
621 181
587 550
144 396
182 372
203 209
295 250
518 582
535 401
782 301
14 268
570 30
660 713
330 97
268 346
804 586
90 267
650 86
