857 1165
735 572
346 789
231 237
40 173
200 839
697 324
456 108
234 263
401 180
487 152
845 432
477 779
838 483
472 163
59 36
36 374
10 855
123 767
9 632
26 518
179 341
416 598
586 758
472 541
407 371
524 684
693 258
773 665
775 734
406 466
571 395
752 853
406 224
442 210
139 487
149 410
656 456
387 519
178 36
678 224
769 357
51 34
193 339
696 173
211 208
105 548
371 493
485 307
521 691
402 116
682 265
496 577
768 187
751 835
297 72
35 481
104 469
40 179
346 681
84 128
6 67
801 37
21 676
264 552
177 324
50 210
71 721
370 563
691 234
352 220
255 558
289 212
276 272
766 172
431 117
500 377
612 454
397 739
366 371
363 796
97 400
133 743
852 702
688 706
790 659
221 33
743 118
806 580
312 599
185 232
277 13
79 145
481 118
242 812
465 476
646 788
779 799
395 474
224 696
401 800
387 287
769 435
190 799
44 16
606 676
449 608
28 748
342 802
643 411
637 6
97 629
378 259
553 15
159 723
75 35
525 777
779 603
536 65
252 655
645 118
705 662
832 701
154 857
202 383
745 236
462 497
178 470
332 699
72 222
808 600
843 60
540 566
1 251
101 377
659 473
791 667
23 269
40 459
436 131
536 425
558 188
728 531
231 365
474 595
161 473
321 812
151 563
65 218
611 759
304 579
735 741
71 376
134 704
38 190
511 396
327 263
520 531
658 454
246 840
119 33
831 532
94 196
24 228
336 813
566 608
558 604
493 316
81 403
709 528
422 486
472 325
601 576
597 712
590 742
194 215
573 33
608 464
302 719
310 616
639 441
708 277
522 605
134 314
298 621
792 546
807 821
487 154
43 5
316 445
285 746
417 398
449 145
10 178
643 393
583 400
404 43
402 361
111 485
715 332
532 54
730 437
1 720
320 152
809 726
378 69
657 692
743 36
84 234
38 441
521 286
546 633
5 578
496 505
44 823
98 590
455 6
352 215
220 440
119 851
799 552
211 851
453 304
373 155
796 681
261 653
283 755
591 201
427 788
445 102
81 556
847 30
824 93
179 439
622 107
461 257
222 97
385 116
764 438
807 570
331 183
180 479
156 744
816 289
844 255
622 527
75 437
456 283
822 64
101 259
607 459
755 466
322 345
838 715
323 349
625 158
295 423
613 440
127 815
567 308
638 220
356 569
445 856
127 382
567 696
555 627
258 732
782 779
834 550
204 161
209 841
113 135
120 182
364 122
408 136
396 364
76 249
491 99
45 240
55 41
786 193
537 141
652 213
128 432
278 776
692 840
91 712
264 189
121 776
715 473
812 150
567 178
809 657
711 628
254 247
603 382
259 583
691 605
546 191
248 283
287 421
202 659
149 553
741 298
493 852
408 302
88 547
784 405
221 589
419 838
297 265
731 777
23 434
303 492
296 46
497 618
99 601
170 523
143 23
103 634
794 186
413 824
532 209
573 767
220 73
841 432
184 366
49 504
783 39
467 173
805 118
527 744
762 345
208 817
158 474
256 501
469 789
482 73
3 653
26 384
457 447
63 464
732 534
135 164
163 834
776 7
817 535
779 388
246 604
486 81
186 313
154 658
728 137
341 532
33 789
215 496
589 632
392 193
157 809
495 473
538 67
827 24
848 790
164 157
522 814
164 726
710 845
409 805
222 356
341 327
410 275
536 347
60 408
44 578
372 268
257 236
625 421
182 140
8 587
379 517
769 46
554 210
516 813
212 133
629 401
549 559
98 739
172 563
137 644
120 822
52 229
194 24
30 217
442 486
560 487
520 420
856 830
577 803
369 617
90 513
820 650
524 525
339 356
765 576
741 750
309 580
138 411
181 43
258 594
143 101
632 42
708 235
419 787
751 204
559 492
461 818
509 29
155 238
686 423
262 348
422 321
171 764
742 117
124 488
257 562
266 152
110 773
338 582
427 340
837 542
777 68
276 456
747 568
505 830
141 436
562 97
155 419
717 288
841 219
319 808
367 375
271 2
634 456
578 703
696 262
296 93
785 609
96 460
114 456
41 830
600 767
631 154
353 269
17 816
406 798
522 611
738 849
673 66
306 665
798 578
167 142
738 137
771 655
90 768
248 133
333 101
713 683
686 175
140 211
708 693
584 422
508 812
242 532
728 201
80 337
596 455
703 117
86 503
52 643
788 405
206 292
302 114
561 190
372 269
302 653
438 800
305 610
688 630
133 378
268 606
176 564
758 764
606 121
582 270
544 19
819 254
721 47
572 178
633 368
382 578
71 736
580 709
693 129
106 844
763 289
481 476
269 407
383 312
30 488
687 329
454 657
74 758
239 545
637 517
3 600
423 323
810 644
105 98
651 95
629 540
583 678
364 678
721 116
741 686
741 121
14 672
417 610
268 73
187 796
617 409
280 372
270 458
742 717
109 568
488 726
706 693
307 411
759 820
696 78
26 101
590 704
39 145
634 647
611 679
378 530
424 558
32 539
106 849
135 289
723 334
623 721
808 641
150 553
282 420
391 438
193 671
499 20
233 217
743 322
226 140
756 4
200 651
751 749
78 752
88 743
664 410
380 32
454 127
34 618
233 701
307 25
56 226
289 266
529 397
840 315
79 517
42 66
193 130
662 212
273 552
626 291
186 545
600 839
390 543
699 454
783 79
745 541
197 47
514 227
653 543
850 31
501 522
782 738
443 700
301 853
573 16
259 741
642 743
351 11
810 774
45 782
250 736
276 321
352 754
834 321
340 606
139 320
21 708
832 5
706 610
351 436
426 448
206 585
248 544
155 797
776 451
638 114
550 552
833 503
484 517
592 772
44 345
204 326
750 520
132 364
677 469
697 495
8 475
359 390
635 512
156 415
366 351
64 506
296 394
90 266
152 485
326 405
448 305
676 535
114 790
623 744
197 469
346 688
724 467
564 215
455 502
456 451
347 532
8 162
154 129
32 596
849 94
190 401
312 465
568 739
107 257
146 245
784 722
522 386
429 257
753 168
326 530
47 87
188 434
529 714
238 36
249 728
363 821
358 607
75 355
324 119
691 345
661 836
181 780
307 416
319 64
188 786
131 418
179 19
713 692
702 846
580 485
624 542
248 245
531 317
385 270
483 331
235 758
692 519
342 437
108 410
763 488
697 14
619 652
265 844
576 828
97 450
469 185
158 602
813 696
445 849
618 678
71 850
89 570
687 70
206 564
735 216
706 121
624 601
48 302
284 135
469 562
355 260
704 226
632 639
126 800
215 852
91 404
756 837
27 786
40 149
158 552
162 480
32 281
174 807
132 377
824 514
165 186
823 711
220 499
645 521
691 124
665 497
592 516
814 722
243 731
74 306
80 502
502 361
756 92
704 74
107 750
394 471
218 51
406 225
483 755
507 219
537 74
222 428
544 411
499 487
59 121
302 353
632 783
508 838
319 443
292 247
436 809
1 468
170 666
721 538
449 555
808 596
45 96
458 607
536 201
326 9
743 373
677 698
307 243
580 197
230 636
189 340
802 203
31 271
23 567
83 399
125 460
435 809
32 607
699 5
213 440
433 303
504 745
566 628
575 562
286 419
163 676
283 402
124 826
395 3
771 648
367 107
113 643
275 94
178 809
759 524
263 811
403 74
615 157
734 393
473 449
181 686
211 127
825 639
766 128
783 91
199 332
350 148
664 699
393 607
25 742
295 743
829 480
385 37
815 518
58 174
771 548
804 502
591 242
762 74
348 621
281 323
662 704
447 298
278 574
627 553
689 742
4 70
749 355
124 432
328 836
67 479
797 780
108 3
815 8
556 272
164 17
699 713
486 815
683 738
685 811
309 729
393 212
726 226
212 824
307 848
76 486
773 408
430 667
35 210
642 422
474 267
737 391
803 122
732 648
160 669
522 226
822 387
312 448
229 170
498 620
171 490
346 826
387 32
761 666
327 717
692 513
774 44
165 792
237 198
568 355
209 771
805 90
758 53
822 797
310 838
761 707
199 553
598 820
446 133
405 704
525 673
347 690
330 26
291 212
478 285
466 134
40 349
100 54
101 128
599 641
418 568
538 77
827 387
746 543
232 329
777 256
290 454
56 61
312 775
578 329
442 535
439 683
653 239
446 502
297 425
741 110
805 121
13 124
158 468
444 199
797 303
173 539
357 829
207 186
465 559
650 575
25 651
580 111
522 127
421 632
278 430
788 711
761 331
499 451
178 649
430 707
189 164
311 393
558 712
217 752
5 575
766 181
683 74
629 568
216 806
714 678
760 101
144 290
774 254
779 826
62 394
498 92
120 684
63 244
460 10
659 586
807 605
293 191
76 771
228 733
95 124
105 768
91 281
856 375
814 636
587 63
135 109
722 251
40 202
17 148
224 108
32 655
502 233
313 123
329 510
626 410
309 550
639 355
443 41
840 107
754 234
70 147
281 61
427 42
344 29
739 255
384 441
58 787
385 347
272 797
785 625
700 768
498 751
464 288
226 633
208 20
171 152
634 464
663 369
35 677
183 88
326 229
178 330
451 634
578 7
286 674
667 162
779 488
38 572
183 71
643 290
723 37
293 852
446 362
126 798
525 597
7 777
618 520
601 496
49 155
153 657
38 326
79 848
90 541
98 638
576 627
827 781
478 843
186 294
352 491
310 501
294 237
468 296
193 765
73 647
232 730
133 267
651 784
304 614
398 132
806 1
336 552
179 548
792 154
497 180
307 645
259 182
176 470
431 621
436 363
100 418
200 176
52 494
78 854
851 360
417 54
475 181
659 610
586 810
619 744
312 547
100 537
60 170
33 362
612 130
314 370
602 19
49 836
431 71
233 141
78 703
373 565
834 671
553 143
263 332
461 377
219 626
233 151
77 710
661 201
479 54
846 207
251 648
722 414
596 17
720 199
609 63
173 620
165 814
163 502
573 257
732 765
714 848
66 597
436 852
851 69
26 311
47 701
738 195
36 483
8 764
438 199
553 504
160 668
622 552
282 825
514 336
840 440
675 140
38 776
592 319
609 237
536 752
1 558
356 187
151 41
805 270
417 691
682 483
421 53
171 399
78 547
778 233
418 423
234 805
463 557
121 68
518 588
431 67
213 157
508 712
203 32
251 42
548 12
727 512
507 715
314 690
305 366
220 563
808 441
124 242
621 429
668 811
291 655
343 188
395 450
776 124
79 160
332 742
427 477
598 103
101 539
492 327
650 509
195 740
311 722
288 776
703 424
638 224
758 502
307 48
661 178
228 815
381 856
636 534
172 435
128 108
269 572
747 289
600 162
38 237
175 420
560 794
356 852
