1000 9890
780 725
160 950
74 772
717 110
683 418
744 148
330 215
194 237
600 920
216 589
436 82
871 691
488 353
39 420
57 50
997 416
47 937
782 308
403 26
660 720
458 488
687 761
669 926
800 979
928 24
219 788
434 369
757 581
499 877
544 488
598 159
356 542
490 552
454 135
40 855
717 515
173 549
770 537
184 598
830 710
411 321
792 197
969 415
10 19
447 905
303 693
387 646
698 568
71 718
330 452
41 527
297 661
82 165
965 238
968 350
638 512
681 575
850 158
724 891
448 694
200 55
309 763
92 253
171 758
888 132
851 376
394 91
233 49
253 46
555 524
348 262
502 776
67 438
395 383
452 356
868 39
719 678
777 619
462 693
135 369
893 239
590 177
968 624
521 622
59 571
781 932
600 965
640 44
716 767
937 766
920 972
316 749
246 618
928 471
656 966
916 376
739 951
596 788
388 177
610 696
590 450
540 723
796 325
835 505
92 369
539 493
276 765
900 908
925 280
643 603
700 536
800 110
120 76
161 548
201 759
257 677
738 422
465 826
395 531
929 575
606 225
118 911
781 219
913 995
752 85
990 211
103 493
244 977
705 321
639 200
469 704
638 215
59 332
455 494
206 397
79 897
262 283
11 673
306 287
474 973
732 136
644 651
172 372
268 167
44 318
693 679
489 153
676 907
993 822
663 671
866 521
154 957
229 327
68 219
430 550
552 264
326 663
20 806
920 364
171 722
742 15
968 88
55 380
709 994
209 52
707 821
923 784
621 282
681 838
276 238
358 614
346 118
446 701
191 66
85 459
690 799
474 210
178 775
369 392
276 972
775 410
526 548
428 519
893 469
274 157
497 44
502 799
787 41
769 630
311 831
902 938
530 13
561 756
854 83
711 318
125 685
99 46
485 805
571 984
867 85
316 821
874 891
676 165
439 573
805 416
283 469
508 924
40 230
355 487
438 994
442 481
593 871
272 96
623 967
538 327
336 819
558 130
836 608
718 580
315 51
173 49
567 865
201 184
862 679
918 245
187 125
775 788
172 495
407 624
984 561
548 146
384 231
827 77
519 275
85 939
728 566
358 337
529 571
94 802
573 658
441 28
851 304
559 995
30 247
451 94
58 228
500 561
401 624
711 841
141 919
54 152
384 948
974 473
330 188
671 283
508 123
721 14
224 546
8 719
677 811
668 418
885 932
82 979
200 666
554 329
440 233
388 137
687 631
531 547
481 572
653 532
191 469
602 460
565 248
542 112
90 280
290 998
717 909
421 80
752 737
429 147
874 972
252 564
92 769
773 796
445 443
397 543
622 741
680 684
938 748
957 64
335 348
924 271
411 356
952 576
662 767
554 796
59 406
368 657
523 334
191 873
782 772
767 462
109 528
148 736
365 678
331 538
773 591
278 103
61 365
946 53
432 371
255 139
19 841
888 284
232 832
838 254
608 683
880 896
438 232
420 291
921 194
109 459
887 839
106 200
749 866
936 769
440 619
646 751
31 425
508 330
625 958
428 139
450 463
413 249
146 980
241 466
246 877
797 659
871 518
792 13
349 824
423 17
155 991
172 791
502 522
877 726
380 82
734 865
181 111
5 177
702 312
873 633
309 203
169 952
451 389
602 142
30 687
233 545
75 258
38 138
111 448
114 484
433 844
961 491
249 484
490 888
618 807
161 686
353 390
333 936
579 912
625 210
972 321
387 205
904 993
208 542
429 954
688 514
752 219
878 623
882 594
576 809
773 641
756 783
744 527
16 368
571 750
109 611
383 4
793 600
645 455
773 530
151 386
796 853
232 926
250 331
45 64
306 233
849 785
596 250
706 582
529 199
532 958
917 680
934 638
59 144
226 419
118 765
656 206
382 38
524 77
887 811
54 950
984 634
569 844
995 59
54 772
55 117
292 921
603 870
524 149
271 525
137 553
878 707
909 615
289 870
555 527
665 451
519 488
902 496
798 161
73 616
614 907
208 257
315 551
335 680
301 520
621 915
696 534
275 405
350 699
906 209
502 534
708 197
980 930
308 203
716 760
807 147
739 62
25 751
773 144
111 944
251 469
485 558
342 169
773 33
703 160
962 122
532 312
809 725
61 864
173 870
89 111
189 375
881 251
330 835
406 660
616 376
193 217
929 589
514 725
645 281
98 86
117 298
135 703
464 916
781 329
468 68
438 660
40 195
478 373
80 708
210 527
984 26
455 607
719 434
913 883
625 425
662 790
866 949
27 749
966 504
770 143
644 628
690 502
824 90
880 968
699 396
275 671
542 714
101 442
664 596
547 881
244 406
997 43
306 721
823 84
384 139
376 885
572 274
24 465
674 407
786 701
414 138
767 568
664 225
251 833
867 374
860 509
128 430
384 856
684 179
668 552
962 269
102 536
582 790
472 513
521 282
229 875
454 512
208 493
89 730
934 393
21 992
562 984
797 159
764 470
35 936
332 330
460 407
83 948
299 531
450 669
198 295
682 464
208 599
82 668
496 466
38 583
433 455
36 804
718 824
706 748
544 255
191 884
819 439
678 334
420 42
882 9
802 496
516 268
295 831
576 63
842 139
908 86
533 591
336 963
113 999
14 864
435 717
704 258
283 576
320 584
77 421
421 819
617 880
987 724
417 352
58 114
286 2
237 560
399 289
275 751
257 264
902 440
873 56
64 380
216 853
512 258
489 295
107 880
7 692
589 300
96 399
759 604
81 93
211 942
336 45
746 488
17 700
388 251
450 940
327 411
218 176
367 529
520 341
472 827
695 727
311 770
293 307
477 566
955 870
998 812
692 79
70 687
303 95
584 991
126 662
290 854
116 947
868 415
857 938
416 672
221 723
847 515
60 215
544 172
981 329
417 998
420 255
574 472
606 73
573 128
562 403
446 830
620 157
567 934
126 338
897 606
182 448
735 764
701 828
881 843
832 949
357 614
452 846
628 295
335 147
67 921
15 785
737 121
24 764
704 366
152 163
600 431
654 652
124 650
297 857
63 906
229 414
214 546
451 172
523 718
841 788
897 26
275 666
183 381
665 486
205 485
101 212
379 478
306 872
328 816
617 910
101 37
920 67
777 990
742 822
18 426
845 55
459 324
298 970
171 72
172 935
925 127
323 277
369 87
550 62
669 122
835 142
51 447
175 5
753 297
662 580
459 162
543 982
587 686
637 962
679 150
661 647
456 985
156 113
123 398
469 246
256 647
576 524
322 952
890 356
249 340
855 550
126 690
403 585
98 179
762 922
377 504
710 458
912 413
532 746
239 998
865 403
443 741
597 972
579 689
925 965
179 223
363 74
917 981
442 567
580 881
600 79
784 886
438 939
793 712
709 292
505 382
879 916
787 762
72 275
120 931
637 578
987 575
788 580
149 910
101 389
504 433
755 696
186 133
108 148
353 668
543 195
234 137
343 313
242 684
483 682
944 424
964 59
875 640
940 252
384 95
93 707
901 534
426 438
408 85
542 792
745 172
488 131
328 812
347 88
82 743
279 963
696 535
424 806
803 748
609 542
259 891
591 410
774 78
336 102
411 596
674 82
858 247
843 617
399 63
460 822
243 441
781 819
30 377
994 821
489 657
119 139
337 847
910 344
20 422
134 602
982 126
235 551
792 128
787 124
881 105
75 446
516 962
960 600
805 352
130 568
259 324
960 759
523 743
855 714
783 281
754 475
387 40
464 917
741 824
526 53
710 310
602 679
865 447
813 567
886 23
340 127
410 158
120 737
541 761
28 556
856 213
784 850
308 844
40 482
426 967
761 88
942 7
158 534
782 620
348 928
831 821
176 881
325 400
399 697
771 778
50 162
996 731
656 442
840 295
87 299
966 667
310 415
438 64
756 251
691 547
496 849
63 637
980 515
451 215
961 91
607 812
293 696
671 3
840 5
470 960
936 760
519 463
372 482
998 362
980 737
341 605
603 358
489 330
953 347
917 240
461 148
778 86
907 262
16 741
55 160
523 918
973 57
746 501
711 645
915 128
613 778
172 302
650 255
857 401
130 843
647 734
906 468
752 600
180 17
972 85
743 794
134 582
467 615
441 101
367 278
16 807
230 826
964 768
70 723
401 70
916 995
464 994
303 43
360 659
235 801
732 243
921 680
957 58
795 131
687 913
106 542
378 987
179 230
880 550
224 461
235 79
326 154
828 184
77 608
300 513
585 853
982 945
383 428
757 127
960 159
876 355
272 241
825 186
352 79
816 510
62 962
763 691
675 309
805 954
791 379
850 213
44 284
136 815
750 970
89 849
36 328
112 734
556 391
979 888
926 273
512 741
505 897
234 193
660 421
632 891
116 813
730 102
983 817
713 309
471 29
954 41
464 213
318 688
110 310
829 796
77 23
397 912
216 412
552 915
755 172
404 296
388 853
891 444
141 19
755 349
6 319
265 119
90 452
623 210
881 471
536 214
619 541
588 218
516 104
919 578
26 671
476 573
265 337
639 761
454 783
471 935
330 777
60 498
588 952
204 945
598 225
670 658
729 118
990 911
238 752
187 622
448 6
633 658
761 325
779 802
763 275
478 673
982 755
896 966
14 257
400 245
362 436
49 722
196 519
256 952
396 65
515 909
476 311
4 398
79 970
641 551
73 165
753 571
330 348
224 311
625 582
619 94
379 917
415 681
608 685
921 192
261 879
279 506
267 466
457 800
22 344
261 752
780 140
837 461
529 916
270 838
951 85
681 593
186 81
797 591
210 171
599 711
102 997
712 953
897 25
521 661
637 481
107 974
191 24
497 942
647 98
447 8
618 353
824 416
697 150
864 929
685 717
181 926
226 374
976 58
479 153
962 229
817 686
952 435
385 119
420 713
94 480
543 761
155 364
981 808
801 146
254 669
40 572
520 358
635 189
781 577
155 394
28 180
161 541
74 162
979 246
285 692
14 370
274 679
321 330
499 908
496 177
624 999
383 6
575 900
597 956
272 27
295 881
23 198
316 332
500 145
741 885
413 742
451 591
363 705
415 424
398 670
917 694
922 28
197 31
858 124
597 670
893 567
196 281
412 846
197 224
476 57
98 615
552 70
49 41
639 896
205 678
386 448
923 463
837 417
498 4
988 51
970 514
681 589
98 841
580 325
341 727
396 568
347 42
936 541
24 503
426 439
927 657
345 573
399 280
935 378
524 403
604 865
309 11
204 422
830 374
6 372
725 516
797 407
527 306
623 165
660 913
55 985
995 258
940 385
821 130
130 791
458 440
114 262
830 80
616 92
299 664
427 495
714 713
91 555
90 303
57 926
557 793
118 369
908 665
14 44
876 564
184 279
593 717
846 681
891 928
213 148
37 70
644 50
590 766
324 204
305 662
783 393
83 168
434 572
406 500
62 634
355 460
567 715
145 382
553 9
149 606
248 847
987 892
112 326
296 909
758 205
260 744
84 551
982 773
983 917
689 859
84 859
837 99
676 39
625 649
118 590
164 316
983 335
771 922
149 18
97 321
462 75
562 583
194 765
672 821
488 962
297 912
210 371
33 537
119 554
126 670
676 763
626 954
592 758
246 939
779 242
564 580
357 450
802 49
534 632
273 566
976 115
99 740
959 74
891 256
44 917
378 437
920 858
43 989
941 828
502 786
393 254
929 924
714 666
15 83
553 536
402 116
887 101
838 555
159 912
187 871
60 495
5 314
815 361
491 301
951 968
505 249
32 231
1 872
206 970
279 45
965 412
586 261
869 696
738 72
294 746
970 156
636 623
487 31
830 991
809 243
979 319
541 732
606 779
144 30
715 713
511 378
24 964
27 715
304 340
603 872
286 580
487 509
435 606
790 84
810 894
408 466
563 858
816 964
489 233
70 446
456 510
275 930
681 747
998 90
836 769
15 267
345 810
89 848
105 131
556 384
496 894
172 121
634 572
768 656
805 667
384 105
119 665
68 29
134 84
677 936
803 263
20 27
225 739
262 936
945 746
16 706
275 463
391 605
696 703
879 214
581 439
773 325
481 855
209 320
412 227
159 854
575 94
482 379
483 14
800 860
692 474
530 461
513 569
990 707
502 591
222 361
39 269
521 22
155 304
29 279
492 215
934 58
649 186
85 32
126 660
291 673
458 210
26 446
744 647
47 100
251 393
35 676
613 76
164 86
711 596
168 145
239 829
774 984
810 417
153 930
960 478
889 488
912 337
153 227
127 104
348 843
978 718
979 219
131 768
857 763
254 357
6 656
120 905
357 612
328 374
774 661
885 190
358 22
288 936
179 144
281 209
346 922
551 722
607 726
721 675
560 879
758 582
372 261
48 83
497 336
358 368
864 213
556 251
372 436
505 781
107 961
113 524
928 737
959 204
399 180
116 544
542 220
638 869
933 705
388 96
627 468
185 105
341 461
893 297
967 998
454 575
346 988
133 26
846 621
869 256
530 414
712 453
5 80
318 828
569 831
229 562
506 393
786 839
694 580
809 766
666 785
77 638
229 643
195 527
498 960
334 818
904 21
545 190
446 668
529 376
551 299
576 957
568 779
978 769
226 122
608 992
517 376
459 736
5 532
541 610
458 265
703 338
732 679
697 924
292 448
311 292
884 538
520 163
886 440
356 975
529 43
602 914
876 277
483 55
201 27
218 923
629 123
666 503
46 397
692 647
514 163
211 447
999 430
798 261
676 915
556 441
849 577
847 202
851 143
564 988
176 949
430 526
278 578
432 158
15 533
41 496
63 825
730 742
747 588
675 187
738 700
876 872
239 490
600 858
56 952
384 895
480 1000
232 475
986 456
820 708
255 871
316 745
812 294
411 711
693 37
147 65
99 344
47 984
967 859
40 650
517 152
117 612
869 693
750 136
49 861
599 509
786 58
625 98
312 717
616 379
959 533
231 386
655 300
911 854
929 563
179 140
217 321
400 175
214 568
98 452
425 780
165 965
373 78
984 29
16 351
326 188
424 180
478 267
406 100
118 818
410 107
89 552
418 590
182 543
53 909
420 384
279 351
836 520
193 538
936 668
126 360
607 507
295 741
41 990
337 439
317 633
927 480
244 943
571 346
455 783
349 264
421 907
686 121
926 680
550 984
41 245
900 831
595 193
736 682
340 940
505 61
680 449
189 949
906 783
449 936
50 713
896 233
205 427
929 343
767 549
883 24
404 423
189 663
635 630
341 972
4 540
276 857
81 391
535 255
191 78
121 902
589 103
537 629
100 52
998 549
789 534
521 422
920 859
942 792
284 450
754 241
915 96
311 827
222 370
96 802
87 636
894 884
697 280
683 797
908 702
85 11
878 712
221 603
424 483
193 186
486 609
235 803
593 953
698 672
634 167
942 724
821 601
574 291
335 501
140 197
14 730
718 686
644 821
62 742
840 536
692 601
177 188
328 613
679 877
704 103
12 30
359 177
676 245
685 257
44 399
588 300
949 700
325 370
577 728
166 866
978 412
279 577
728 651
749 779
552 345
384 251
168 578
646 148
832 761
543 133
253 97
519 412
432 166
485 363
681 789
663 925
464 215
263 371
546 141
177 758
142 576
288 8
998 487
33 407
986 503
659 455
988 649
534 517
269 757
333 380
561 985
981 560
393 63
466 671
161 353
750 503
271 58
882 23
773 324
578 316
885 928
397 624
959 254
564 238
820 144
291 40
401 262
679 239
216 373
338 859
516 535
981 899
334 954
584 627
26 524
812 931
708 732
677 363
660 543
810 140
494 749
818 691
446 624
223 904
734 487
681 249
740 620
415 245
154 283
126 631
947 779
630 39
889 495
619 818
781 31
876 163
883 713
15 219
490 501
571 420
527 106
934 598
719 228
260 673
463 474
528 401
35 872
767 40
625 711
229 322
442 227
984 610
931 957
201 344
202 739
701 291
702 843
205 273
722 125
480 368
859 828
182 3
384 118
662 281
23 721
82 367
779 95
72 425
348 430
646 781
101 34
124 389
566 84
113 668
811 863
405 514
85 542
607 884
190 779
840 224
630 778
321 376
543 701
674 288
860 599
56 316
972 953
795 656
86 402
997 872
69 923
967 886
744 644
200 698
656 353
777 14
657 544
143 449
631 186
902 630
321 11
394 681
808 547
860 996
536 978
791 682
78 857
597 247
778 563
230 960
891 902
748 773
288 299
217 251
680 765
570 689
317 144
505 176
179 182
718 964
682 294
701 10
79 650
631 841
140 318
342 700
740 967
597 954
844 613
666 325
580 643
317 995
158 569
395 857
788 976
18 576
760 263
481 250
45 921
620 787
572 566
935 816
28 337
706 868
157 656
15 886
732 228
954 282
258 277
477 415
903 167
745 375
249 608
8 58
258 241
275 586
370 23
245 532
267 222
713 354
964 312
807 472
152 46
579 473
617 990
979 675
711 892
231 630
822 63
749 724
988 851
682 642
936 686
24 390
977 454
389 336
392 460
564 610
232 139
730 662
309 109
536 451
510 650
359 507
264 646
119 358
670 114
431 538
27 875
90 152
739 557
811 200
333 260
29 11
278 66
99 347
691 575
927 647
911 2
678 779
221 852
186 905
170 498
835 508
344 257
682 105
666 882
136 13
299 555
790 308
583 795
200 948
916 970
855 145
544 9
1000 731
286 914
692 177
714 937
531 245
53 633
567 900
682 395
577 119
406 283
706 277
959 613
675 990
895 891
145 483
256 900
424 38
443 770
320 119
819 95
549 74
472 306
914 441
457 418
461 499
114 859
916 343
652 325
174 1
377 251
50 51
904 590
173 183
124 811
50 130
931 791
326 863
22 36
894 146
822 735
658 596
480 474
919 472
728 688
340 574
966 670
144 353
993 796
650 727
928 989
139 38
430 555
859 759
452 167
296 780
304 274
285 321
547 50
569 590
295 296
560 135
155 893
580 202
730 763
990 453
622 92
328 843
312 336
662 432
42 729
245 778
29 973
360 60
894 697
642 548
293 936
574 571
104 33
640 13
234 684
971 477
717 49
186 587
940 464
468 561
195 283
711 387
688 392
791 524
380 372
337 628
990 741
810 119
835 472
820 44
549 554
218 506
950 955
57 952
169 150
332 326
868 272
104 509
161 618
381 911
184 309
558 715
26 600
647 782
616 344
544 21
164 739
325 940
1 878
737 548
844 376
545 957
841 454
236 392
59 385
900 329
83 733
387 406
944 969
556 585
532 472
18 742
899 115
645 539
683 728
98 344
101 286
842 75
74 209
974 580
377 688
32 677
676 246
514 249
880 921
439 120
633 55
211 393
418 821
861 95
941 39
211 374
656 409
824 843
896 424
749 778
932 318
76 648
148 269
78 843
888 82
263 76
659 891
163 840
534 329
423 266
280 44
875 589
826 123
720 653
559 863
963 190
622 481
586 667
224 584
894 776
361 868
203 962
220 572
973 218
703 945
262 825
156 468
919 889
371 553
946 825
911 213
720 86
318 243
428 887
192 654
209 608
853 215
411 940
160 108
198 500
660 681
58 873
895 989
1 985
143 642
259 385
425 937
268 337
127 308
724 314
303 953
658 216
558 961
27 907
545 714
911 204
879 783
952 564
827 928
482 927
136 300
523 419
72 927
514 298
390 753
12 3
145 614
460 683
349 478
939 585
728 761
324 140
935 924
93 985
67 49
124 561
290 159
485 226
353 741
949 945
736 34
249 115
228 838
105 21
604 233
972 581
457 656
314 363
722 156
171 430
815 905
906 61
659 629
526 706
778 109
66 267
142 716
489 134
823 559
260 383
64 6
696 861
273 764
144 230
552 769
352 356
170 140
878 52
471 614
274 222
939 208
522 840
762 597
262 583
925 413
181 701
274 113
536 932
890 497
912 755
549 738
697 343
23 287
158 268
672 19
905 713
531 216
805 473
113 313
953 990
873 823
924 505
411 214
259 10
978 910
5 530
619 896
106 597
16 373
295 827
643 144
607 227
317 881
598 482
749 654
99 276
532 980
844 614
939 954
488 700
107 466
568 544
453 226
793 893
357 902
865 83
520 530
457 149
742 315
780 220
426 120
417 681
417 450
415 203
788 567
127 765
339 485
253 183
272 474
546 464
747 433
918 464
698 151
522 345
560 156
724 615
428 356
24 549
72 454
98 698
565 101
405 948
635 673
963 118
357 427
512 462
161 144
272 791
682 530
901 308
663 821
137 415
432 589
87 135
898 870
901 325
423 129
906 173
358 862
307 920
18 285
610 707
220 923
367 996
479 254
321 244
177 872
90 443
648 843
282 713
355 53
337 610
640 767
90 298
790 801
60 454
756 795
80 268
276 573
599 511
838 605
71 70
240 194
937 188
170 277
833 115
706 483
28 155
820 367
597 707
273 36
386 861
574 186
800 211
697 589
348 751
354 198
887 655
990 669
169 484
659 778
201 987
184 743
701 926
35 36
846 737
780 275
526 347
620 82
303 742
267 722
19 791
699 29
206 407
44 534
27 736
654 447
16 127
163 480
87 552
865 14
206 262
247 876
942 122
466 83
68 291
513 426
805 898
457 876
240 620
962 979
529 960
452 17
438 68
573 599
851 173
266 221
470 597
550 809
292 521
132 806
499 199
337 224
312 723
33 687
42 958
309 330
495 115
902 465
461 63
870 421
85 755
893 28
108 820
988 816
826 215
989 617
537 152
614 70
221 684
940 179
870 308
907 314
447 77
859 5
130 514
147 129
60 934
642 848
15 446
18 494
385 267
539 816
94 175
548 798
290 762
584 145
631 351
191 302
907 617
144 695
308 458
494 501
702 190
26 647
868 130
108 271
779 508
339 836
71 174
351 881
878 718
498 682
853 20
928 674
813 902
305 695
753 886
783 494
821 679
491 76
109 917
737 660
409 633
991 664
443 926
391 470
653 63
639 234
70 147
405 935
183 848
898 594
874 313
954 497
865 42
500 123
893 764
833 763
884 993
524 550
634 712
16 889
756 219
956 421
595 223
10 363
36 883
376 807
600 814
558 951
843 325
291 286
440 708
573 684
546 280
620 649
713 313
242 835
850 898
630 15
559 862
447 16
674 436
217 519
788 628
309 479
887 794
186 266
635 617
160 929
829 905
521 424
519 205
208 93
890 649
172 952
156 469
428 594
176 443
471 748
842 960
371 552
389 73
396 107
911 212
694 716
570 982
95 849
612 77
122 977
263 817
769 596
195 387
48 931
964 721
172 959
772 428
156 921
515 578
678 50
146 227
79 515
338 635
193 132
585 650
771 381
402 392
847 526
153 566
451 825
412 721
508 958
938 46
383 110
205 890
615 691
785 218
740 601
642 357
843 300
761 171
84 952
602 957
179 996
932 238
227 228
81 726
882 49
80 943
615 913
836 578
374 513
953 874
715 583
239 397
463 60
908 454
110 666
491 628
242 562
830 703
278 714
689 241
232 612
28 933
893 881
736 180
636 453
167 710
174 506
836 320
159 354
676 856
73 741
887 255
262 105
284 977
822 81
203 643
242 871
228 214
565 753
419 559
294 425
464 68
502 524
727 93
553 810
134 337
797 399
467 852
217 829
806 423
453 901
518 491
702 276
464 354
1000 436
854 435
824 130
454 589
751 809
644 405
320 417
949 278
791 567
709 858
564 115
688 622
624 686
877 20
476 723
178 869
87 663
221 641
994 387
98 76
647 849
562 767
231 488
912 402
14 374
662 546
80 734
553 672
877 455
398 576
112 207
630 1
64 98
887 658
359 21
640 678
746 661
235 152
897 701
220 236
41 999
724 172
783 885
73 470
440 815
484 398
644 557
611 594
794 94
545 836
124 999
514 81
348 255
504 293
289 655
491 737
58 68
793 15
278 577
872 624
160 668
361 13
806 45
517 688
348 285
703 645
585 318
253 408
310 833
58 166
354 817
261 259
998 466
307 765
767 659
879 53
437 66
111 159
95 634
663 820
100 396
925 173
637 227
380 140
255 864
989 806
204 940
478 117
433 896
674 317
971 384
40 766
756 582
872 91
639 863
233 519
441 163
974 119
389 786
69 782
51 271
35 946
751 690
458 944
976 312
977 529
156 82
30 943
473 210
213 144
771 292
443 663
210 630
523 875
951 567
164 347
352 747
443 772
619 879
788 511
307 373
420 60
738 19
671 549
875 150
359 57
542 37
728 916
747 80
554 752
776 522
524 920
750 832
288 494
511 416
277 216
945 684
805 685
932 913
605 116
151 94
345 963
439 820
900 826
335 967
907 206
927 3
106 413
894 114
487 520
92 216
935 564
224 832
850 12
764 586
824 655
487 921
863 790
370 361
665 473
708 1
945 881
765 80
267 845
845 152
974 452
890 771
465 212
124 463
548 569
881 716
347 296
367 805
7 916
581 575
824 348
592 776
669 140
872 40
195 285
181 978
831 215
407 400
635 795
63 274
34 756
62 222
527 775
414 731
540 957
295 869
626 348
424 486
80 632
99 164
247 996
909 289
748 847
820 332
112 41
826 989
645 359
960 327
389 697
767 322
549 923
715 495
89 615
130 315
393 887
948 607
291 884
257 932
75 925
576 134
403 866
882 6
856 182
785 142
46 89
712 597
412 771
641 591
749 998
101 631
300 887
693 787
345 957
897 790
538 96
22 433
764 38
763 807
676 982
179 726
662 129
441 259
996 587
409 861
301 791
395 478
380 752
590 935
301 37
23 718
621 819
654 980
414 89
287 725
346 307
813 340
312 511
510 486
628 141
168 867
6 135
889 735
786 667
238 492
76 511
948 828
884 422
393 979
124 467
333 591
555 363
502 592
195 360
401 382
324 524
924 979
526 523
104 297
213 276
730 110
694 717
436 245
717 164
173 627
137 176
967 796
612 221
647 590
264 13
999 655
378 183
929 813
566 570
255 751
812 926
942 533
890 330
156 922
506 83
658 52
351 809
308 408
506 194
715 58
922 882
791 865
44 810
170 637
64 232
32 886
452 519
969 699
922 867
140 228
213 938
883 714
919 114
500 186
282 117
447 925
695 60
547 432
140 970
522 671
763 850
729 678
513 401
510 209
7 395
267 38
491 516
112 767
81 768
409 825
581 947
709 142
516 802
439 857
833 926
261 413
758 757
742 206
465 114
637 508
512 373
819 883
221 597
458 185
767 766
642 635
716 723
953 7
826 383
185 109
403 34
99 723
171 78
446 68
548 704
881 357
81 349
137 67
379 16
545 63
936 521
566 407
255 562
363 236
575 463
429 657
691 706
278 338
655 423
754 350
847 975
304 837
670 608
838 646
537 277
661 867
999 913
443 692
18 794
969 710
607 92
743 396
429 964
1000 896
801 721
567 738
783 545
455 624
459 629
226 344
35 418
164 6
852 133
368 596
619 914
631 537
870 883
687 283
802 755
647 442
92 471
809 489
279 124
923 625
270 534
55 114
979 941
222 705
885 271
464 870
164 135
572 719
745 261
910 887
305 356
461 25
660 71
376 975
929 335
196 218
841 651
471 448
589 285
276 210
261 258
814 598
447 43
270 496
525 186
314 508
833 644
851 719
582 813
803 592
807 136
792 159
561 998
947 573
492 486
682 818
684 154
711 445
986 204
289 276
626 87
535 883
440 168
223 231
209 541
342 787
493 861
540 858
777 440
873 711
683 834
297 3
151 872
103 862
502 68
771 295
311 614
259 475
580 957
289 600
325 838
243 388
311 407
352 748
593 994
463 200
448 191
786 931
908 384
515 955
43 5
39 789
45 728
637 798
6 687
835 970
237 195
643 64
538 363
432 370
340 347
412 824
2 60
426 848
282 476
36 117
824 963
163 115
962 977
541 902
476 108
738 596
441 873
228 570
48 128
871 784
841 837
608 72
845 949
702 774
595 178
558 298
300 494
871 865
251 632
620 679
659 721
822 111
439 981
264 583
923 1000
858 435
536 435
993 620
525 965
858 290
363 584
905 907
54 295
789 816
938 410
791 313
872 689
746 511
56 16
109 301
914 827
937 706
795 684
902 128
144 665
928 267
213 383
968 540
454 635
716 362
241 78
494 264
242 225
526 912
190 1
319 871
643 641
511 719
807 914
260 87
133 239
414 372
142 772
583 875
431 398
702 698
532 475
163 9
99 86
579 960
429 729
194 382
605 832
967 89
499 393
668 26
31 714
527 209
182 802
972 384
701 222
949 370
836 776
445 256
283 429
839 176
877 509
2 335
365 553
779 909
905 602
878 498
314 572
633 986
961 979
600 13
895 126
515 36
304 329
343 552
490 44
552 63
148 554
524 957
432 493
489 236
718 511
762 778
284 809
858 706
804 236
920 289
59 959
791 486
943 667
68 39
513 342
91 334
993 942
121 731
16 537
662 480
281 395
465 166
640 206
803 266
107 873
498 38
741 506
453 798
722 473
82 568
946 933
428 588
604 981
347 420
423 843
319 778
894 954
75 286
773 209
5 103
958 87
299 342
821 197
553 639
660 709
648 773
761 764
765 552
999 543
394 768
144 947
386 656
559 213
298 420
389 523
781 313
199 868
870 667
144 849
363 103
398 618
3 22
83 683
106 911
554 800
163 348
59 287
631 647
728 990
793 870
575 844
500 42
563 780
417 586
514 216
554 713
568 869
953 729
245 651
428 93
858 678
470 544
452 107
975 345
409 824
301 890
364 285
830 957
242 786
466 970
621 790
27 944
315 531
501 936
871 574
17 825
987 5
536 491
506 577
252 61
349 202
988 617
661 317
384 775
630 782
578 749
704 848
738 897
433 922
557 443
551 226
733 731
354 508
268 812
547 523
930 385
90 418
53 222
735 470
475 612
164 946
498 959
905 69
262 570
105 743
89 234
414 641
934 456
521 53
267 565
562 923
579 779
17 278
221 622
458 352
420 514
633 598
117 685
726 985
655 471
342 982
471 822
79 737
705 82
675 467
765 814
607 95
476 499
276 973
463 247
967 327
166 482
923 165
27 872
763 418
411 457
675 516
733 262
861 881
645 665
427 838
631 619
374 752
736 389
5 849
173 224
693 985
236 512
754 965
597 521
563 665
948 933
119 830
524 212
139 62
140 717
111 842
662 334
482 916
79 488
398 445
200 644
756 396
519 480
298 740
975 674
561 170
870 444
29 884
984 783
681 849
336 462
744 475
542 146
161 149
674 859
263 505
526 678
409 18
30 465
712 264
588 427
56 812
241 208
612 289
527 312
820 822
750 435
610 734
976 28
389 143
324 155
530 511
345 195
310 643
288 913
605 970
496 192
901 789
253 198
742 682
758 283
208 611
128 923
47 170
892 469
749 444
458 23
541 464
265 589
378 974
490 644
18 879
22 879
507 671
311 263
738 17
645 547
226 381
335 397
17 296
843 502
511 332
642 211
547 506
838 175
886 801
272 140
515 88
221 167
701 893
461 760
813 355
337 426
774 598
996 706
12 341
127 658
884 63
352 152
391 947
128 233
171 717
806 801
332 984
450 758
197 514
346 204
552 559
816 996
67 42
16 732
50 693
924 602
375 248
12 872
87 164
932 809
845 504
190 183
137 9
657 706
15 40
240 436
627 256
132 244
742 723
602 78
749 237
397 728
237 25
535 918
791 520
186 937
155 298
212 681
217 21
480 652
60 485
66 818
359 667
655 414
291 651
223 767
558 719
243 213
415 554
145 50
888 956
515 777
305 773
912 484
903 551
338 327
247 693
605 259
286 590
969 72
704 667
364 687
896 573
2 944
77 460
142 450
520 557
814 979
654 696
66 487
624 481
300 60
604 402
827 437
877 442
632 91
280 48
79 416
689 436
586 564
106 928
475 95
148 111
497 955
722 180
464 204
524 450
195 76
471 395
402 654
545 326
238 93
510 710
252 393
830 304
781 884
322 123
753 261
990 570
147 124
555 11
942 825
542 279
551 479
385 928
597 365
808 588
716 109
351 154
597 222
514 738
218 589
810 137
978 791
886 180
65 470
32 793
731 921
201 694
218 764
917 840
667 433
540 161
448 73
840 859
396 233
92 568
803 173
270 299
577 428
979 368
605 502
793 756
666 362
374 661
411 413
505 362
144 112
277 316
832 909
109 476
690 39
602 811
642 386
207 505
93 932
541 988
713 111
612 437
128 544
85 997
301 232
139 21
8 283
370 461
775 896
499 19
471 73
195 155
381 749
54 194
57 350
242 866
538 663
613 369
555 120
721 976
595 587
869 40
561 879
671 486
177 614
473 319
971 520
642 744
687 527
461 294
299 407
159 675
329 856
751 965
932 865
387 309
521 346
613 932
65 886
392 130
708 904
436 136
91 902
592 97
743 970
483 80
360 933
21 800
226 786
557 814
283 217
47 800
138 716
982 453
89 26
400 411
666 906
114 767
614 972
647 829
688 690
654 107
303 123
624 816
677 266
821 816
950 790
477 820
912 405
160 362
714 769
408 852
908 929
821 668
611 232
723 930
631 757
352 247
121 116
47 356
196 610
767 405
311 339
358 202
822 581
469 675
845 732
917 703
453 444
456 429
419 35
221 243
124 994
348 250
956 505
182 977
870 83
448 640
675 67
552 278
606 617
239 128
811 515
23 643
620 701
306 693
91 393
57 265
116 876
944 63
984 784
831 630
684 49
243 355
405 944
232 240
450 347
752 967
55 583
860 274
203 561
459 395
186 705
152 465
150 876
945 564
34 781
200 509
68 98
668 588
483 366
801 85
82 912
928 336
655 231
638 613
34 751
825 200
26 687
777 45
890 430
7 736
713 899
436 350
790 805
385 1000
212 261
932 528
554 40
18 744
478 64
904 55
35 661
515 671
237 523
959 608
545 916
759 943
32 833
434 109
622 682
145 486
364 238
197 719
421 369
478 354
390 768
361 624
322 662
899 26
316 504
282 836
695 308
31 903
969 450
787 689
2 139
611 917
444 276
266 532
858 970
468 402
552 69
129 308
370 672
576 91
561 265
83 61
581 198
309 515
866 684
638 152
396 757
549 393
71 821
166 477
617 643
615 184
854 848
637 320
647 396
333 159
711 974
513 249
641 44
402 536
516 996
498 433
104 776
711 863
358 653
759 571
162 120
458 771
755 43
650 389
264 728
263 410
855 92
16 733
517 947
81 505
869 96
590 266
114 67
88 158
359 807
582 926
759 262
744 101
605 956
203 136
479 111
191 443
221 548
960 700
243 808
83 959
818 566
951 886
476 662
38 437
217 310
289 249
633 766
704 29
782 481
804 731
957 357
644 940
169 452
117 390
875 230
709 339
303 646
568 621
977 820
349 68
573 375
58 749
226 497
745 647
845 740
718 594
690 61
336 956
10 565
616 936
766 382
125 366
732 826
329 103
516 555
901 803
776 696
941 34
390 296
229 272
466 194
844 793
767 784
590 827
225 425
571 90
556 270
388 680
375 520
431 778
533 10
292 696
646 795
719 755
560 88
484 822
402 655
806 688
918 719
851 536
726 388
543 310
803 669
881 749
403 11
501 756
137 475
266 305
603 120
986 96
190 80
890 395
330 482
109 416
915 21
661 505
593 873
406 920
522 849
293 530
82 856
87 425
233 274
99 473
477 525
221 52
422 150
561 358
490 893
342 857
1 931
53 410
960 117
167 422
467 504
850 198
18 914
365 489
826 781
196 399
819 252
937 9
443 720
676 418
622 610
166 452
383 635
818 911
140 231
936 94
611 860
300 989
174 66
715 746
643 89
75 523
775 690
343 718
788 937
370 744
27 605
573 490
797 638
868 499
898 347
578 807
854 920
660 321
936 553
558 352
255 129
708 53
447 419
144 956
768 994
825 759
94 940
129 824
890 983
397 859
987 7
367 233
719 580
632 342
312 252
534 571
295 369
338 931
690 676
156 309
673 133
947 546
17 601
881 282
807 118
350 999
299 295
104 141
42 79
78 641
523 532
63 343
269 468
288 895
808 666
165 259
293 478
792 467
49 83
429 654
781 633
146 176
813 808
248 694
782 93
159 584
660 569
165 101
903 827
804 652
438 646
863 227
10 905
287 423
148 799
683 662
411 459
749 649
236 348
97 226
170 894
597 821
653 67
568 549
399 831
515 126
594 989
22 18
170 769
706 975
304 275
197 232
516 604
754 963
374 912
693 840
633 857
783 998
418 886
917 400
888 32
818 503
21 60
939 910
730 638
231 543
367 47
978 128
689 499
620 717
767 526
183 425
566 10
73 999
720 358
902 8
156 490
176 488
584 501
893 341
252 67
471 291
574 640
497 172
632 481
392 208
51 629
83 836
635 883
427 342
85 286
359 915
105 560
518 346
333 608
446 321
934 490
277 989
21 835
5 462
943 264
216 193
839 427
736 904
878 311
809 876
981 709
667 346
932 196
208 613
493 636
316 155
601 67
655 346
715 455
202 30
594 671
207 208
330 351
605 317
399 994
491 133
681 469
130 117
580 749
942 12
429 199
509 377
7 302
444 388
887 912
508 567
608 877
115 996
276 996
289 574
362 924
419 175
974 191
705 412
797 926
822 528
239 167
577 832
10 195
945 996
341 242
962 946
262 53
393 810
67 415
103 581
986 363
604 174
717 457
591 464
318 364
500 599
360 824
103 730
145 485
630 965
224 529
797 450
143 240
91 803
772 512
220 965
848 422
697 429
726 347
322 21
548 795
401 386
644 474
475 561
497 473
815 531
281 1000
963 772
583 727
569 125
476 881
414 684
151 939
847 9
172 646
526 845
35 850
582 213
347 744
395 61
164 389
626 344
222 407
501 196
598 210
212 393
675 787
433 620
364 188
238 733
97 991
494 843
180 794
729 146
123 687
417 976
344 176
387 412
11 982
887 673
410 39
710 154
587 173
148 727
777 435
460 845
27 850
504 165
3 221
903 438
540 492
616 794
466 417
448 956
782 593
931 825
144 421
570 561
476 74
98 692
689 895
106 219
549 475
262 356
64 763
799 135
177 444
133 349
520 702
44 164
564 915
727 481
374 843
470 906
326 750
917 57
560 202
823 929
766 168
306 890
346 319
552 638
223 727
24 55
868 664
778 224
711 834
85 515
533 182
507 465
940 899
698 426
275 471
242 94
627 945
38 778
908 527
77 880
314 252
632 537
744 51
581 895
507 63
865 961
77 705
87 424
180 254
473 108
829 727
96 965
192 644
967 169
308 346
99 119
302 440
674 599
456 872
352 585
667 258
652 598
527 822
450 614
416 698
633 665
95 316
32 906
53 812
899 196
793 585
601 292
272 40
457 124
511 177
830 575
836 568
374 747
948 686
666 411
650 804
267 380
590 634
442 234
193 884
893 667
275 966
367 308
149 993
225 347
439 606
409 908
319 433
600 441
470 551
625 986
884 113
210 160
802 828
841 770
179 820
625 939
810 405
205 411
831 443
7 165
817 281
285 259
197 728
8 519
850 754
355 720
543 277
177 612
342 446
164 906
720 266
114 57
646 38
333 281
337 862
394 495
256 452
630 700
868 97
249 56
523 390
224 554
398 414
493 996
632 676
355 31
467 697
857 321
114 204
551 265
342 779
259 940
865 862
916 590
575 459
852 588
1000 343
692 53
208 68
164 590
518 665
178 481
192 799
749 469
416 855
806 100
535 702
900 489
117 347
436 119
892 547
726 624
878 634
847 745
761 360
463 240
339 830
69 361
36 677
380 150
218 833
554 999
811 37
776 309
339 943
31 941
148 655
160 860
562 429
245 407
710 125
586 39
683 53
743 255
653 211
254 24
903 271
407 604
709 76
68 324
894 200
785 628
589 678
805 633
386 136
580 319
206 313
324 125
366 912
516 883
188 732
581 915
343 416
986 233
272 623
957 880
872 644
64 961
432 869
968 183
782 364
572 553
854 647
391 767
306 917
381 463
919 985
521 410
520 154
301 654
788 224
759 655
321 349
821 24
626 192
494 368
632 593
781 698
546 300
216 420
952 88
536 791
76 112
616 69
360 899
531 28
496 195
192 716
764 308
185 191
843 943
114 737
340 566
703 395
338 685
49 934
472 27
995 969
923 100
253 719
913 78
516 253
554 840
616 513
688 958
430 7
628 988
735 792
919 65
743 317
598 512
692 589
61 886
605 316
805 170
520 982
334 722
279 343
638 444
732 929
879 946
609 170
58 656
700 199
836 903
983 592
306 482
275 913
365 901
629 200
353 837
826 681
637 360
309 291
951 148
738 707
686 355
7 16
663 690
702 795
845 770
3 717
794 704
392 512
17 885
417 179
570 107
57 404
699 837
114 159
699 141
445 517
138 255
747 689
419 746
738 749
643 999
736 60
475 643
223 289
423 163
9 251
602 218
712 438
181 989
295 773
773 249
271 650
176 206
478 15
912 787
97 643
60 625
77 685
72 989
463 628
134 572
545 251
319 752
820 43
803 831
454 793
57 961
518 726
557 884
320 285
781 384
291 652
454 168
982 687
722 964
127 281
165 60
667 470
246 185
249 139
835 652
54 196
783 500
280 92
662 751
844 710
166 478
120 664
407 960
321 647
390 637
338 322
341 637
774 791
23 769
935 864
809 404
689 894
546 705
823 239
462 61
232 526
125 477
606 660
385 174
410 523
281 286
780 960
271 767
701 126
920 195
300 349
381 262
418 240
261 326
673 782
518 118
298 989
370 85
104 4
871 756
103 846
523 14
309 251
973 164
42 454
43 931
760 591
66 448
990 569
481 991
691 636
929 951
342 236
588 204
388 12
545 135
674 997
872 500
217 118
860 792
612 169
879 834
479 466
609 896
528 958
583 984
288 263
127 428
932 805
610 854
57 590
518 589
148 674
463 878
809 296
786 397
127 317
438 696
44 807
575 517
649 297
657 120
868 955
456 583
410 56
191 925
947 211
162 937
662 890
993 401
922 927
761 173
889 96
355 838
529 215
70 241
328 272
457 204
224 193
166 676
831 998
580 550
819 698
682 343
184 899
849 707
480 42
254 420
463 339
158 743
859 534
901 773
822 50
280 992
120 223
286 218
181 288
642 850
96 344
945 803
767 195
56 566
434 111
595 991
389 356
651 913
854 632
11 318
413 126
968 235
417 123
177 923
548 638
482 748
163 728
20 183
524 785
816 830
583 632
530 516
589 39
437 266
665 559
62 15
245 757
251 96
472 883
803 921
561 732
811 386
744 959
496 216
518 271
243 885
853 244
873 750
326 284
679 280
682 12
227 425
217 195
473 873
455 329
60 287
706 265
414 327
359 301
182 750
700 367
222 255
389 764
304 600
212 49
396 136
715 426
667 638
884 611
867 375
872 772
804 364
770 780
907 175
814 634
534 204
405 392
614 414
12 222
343 748
521 798
20 561
274 865
379 523
136 770
968 331
309 605
382 445
577 906
650 571
159 191
56 756
823 68
681 955
250 898
607 834
25 808
104 815
196 199
287 680
853 98
168 800
246 837
727 142
195 9
641 231
846 808
655 476
228 71
796 76
817 486
360 87
731 120
34 776
398 345
471 317
220 995
21 766
172 638
844 136
683 10
902 808
523 421
583 749
108 659
281 899
764 454
178 545
415 796
289 408
204 781
540 855
613 679
338 795
122 130
341 484
990 787
671 760
131 378
986 922
182 859
978 986
657 183
520 249
369 517
224 744
639 366
606 125
26 145
120 748
562 511
619 242
467 1
605 315
533 718
992 928
405 315
266 531
912 33
516 419
368 910
3 368
567 784
514 156
642 73
680 172
304 128
837 506
654 672
788 722
805 540
239 304
462 81
453 626
935 562
257 399
868 535
941 477
815 390
159 288
573 754
498 428
264 588
7 236
949 867
475 996
294 408
774 150
821 345
180 343
841 571
788 22
664 28
424 769
121 909
985 672
750 480
468 569
967 929
697 69
881 288
361 559
185 281
765 686
990 749
442 975
683 135
297 274
856 721
179 469
164 391
723 656
952 277
189 52
155 76
716 278
499 697
772 213
540 89
463 826
692 780
888 559
210 743
467 172
416 638
787 609
746 580
164 91
913 785
754 807
3 223
477 140
219 566
120 887
904 445
839 610
970 799
76 930
936 131
990 474
98 690
7 268
652 71
733 108
883 387
302 884
922 205
63 565
391 2
568 829
75 375
349 660
614 128
906 857
512 128
214 530
823 908
989 420
202 982
591 871
542 972
409 720
49 459
894 483
239 42
875 963
884 317
975 614
778 238
669 57
141 443
648 718
902 462
960 91
669 328
682 981
361 300
314 433
427 242
11 499
638 710
200 568
47 798
419 790
125 561
646 203
904 438
116 756
815 576
800 743
263 807
639 908
638 593
930 374
90 459
695 698
865 790
80 173
890 626
63 316
708 551
13 599
513 567
61 843
320 459
818 582
368 455
579 931
363 640
213 225
223 921
647 925
56 292
57 589
369 995
868 387
246 107
748 169
179 94
17 79
754 534
888 988
192 979
620 499
71 293
607 247
210 715
248 490
291 88
284 165
143 985
37 358
442 406
188 246
562 391
203 24
756 210
54 747
871 228
88 433
704 203
651 468
887 858
232 732
947 994
715 973
519 725
397 149
262 326
233 182
767 817
606 625
836 254
672 887
784 337
859 823
2 690
671 402
695 218
42 758
152 74
542 187
855 400
287 580
402 750
774 94
9 336
636 289
34 997
255 885
735 21
928 473
565 924
747 777
398 493
749 935
872 102
413 297
673 484
468 736
839 307
968 680
364 849
237 477
130 953
811 274
613 642
134 517
431 77
201 628
240 222
316 771
868 464
728 323
503 431
644 65
949 137
683 560
783 635
70 929
737 612
494 769
245 133
192 63
377 117
857 771
676 449
473 522
257 629
205 791
478 277
818 942
784 866
514 407
585 610
456 755
918 509
576 196
567 694
33 863
788 985
111 514
776 533
896 586
37 636
439 184
923 631
140 891
521 988
576 273
7 485
429 275
713 152
383 988
171 740
577 889
500 856
256 102
349 589
578 953
449 587
980 721
537 132
781 953
919 987
702 473
320 887
962 314
29 913
56 817
952 491
948 512
424 580
372 854
358 801
75 477
80 809
438 978
181 819
14 136
753 82
317 231
665 804
631 145
619 681
216 196
792 673
23 315
431 214
542 82
917 795
809 994
650 733
385 599
61 574
31 621
508 910
640 900
643 359
865 459
682 259
944 806
175 322
396 173
804 306
420 59
829 193
552 120
375 130
139 405
303 750
785 155
588 552
226 398
244 854
602 872
448 851
175 281
361 662
369 74
917 735
467 798
466 75
31 161
75 677
24 657
480 467
44 300
796 707
926 662
569 891
586 827
913 537
891 205
263 644
710 648
115 110
8 788
704 465
428 177
413 771
31 340
20 923
380 334
940 20
933 544
580 51
383 707
33 182
693 365
622 445
825 925
223 402
404 280
99 640
545 302
584 276
489 592
473 379
44 355
332 10
388 244
426 67
58 381
741 256
40 256
894 896
271 89
434 594
579 168
137 157
835 306
928 368
211 762
15 164
296 506
647 611
616 163
820 53
568 881
460 388
246 413
360 624
18 938
346 559
311 723
939 574
687 731
160 295
252 917
16 793
296 167
687 933
445 282
531 393
201 878
75 773
701 73
748 100
718 692
442 499
558 797
286 544
434 879
988 394
75 611
629 392
831 972
580 716
211 35
123 895
496 907
653 281
712 683
586 204
970 540
71 644
883 386
698 885
662 152
921 18
444 649
592 669
413 886
174 483
289 840
550 845
220 352
37 790
423 317
86 321
7 66
232 302
506 853
267 785
863 883
590 985
21 482
92 774
198 918
823 685
224 577
81 72
909 623
172 801
695 407
556 959
243 460
542 126
781 798
375 219
323 292
307 939
238 209
761 932
755 975
480 793
707 458
432 668
87 308
713 893
479 62
906 508
781 704
105 525
159 1000
860 875
937 450
276 724
759 407
485 762
279 859
588 93
97 950
187 924
349 605
632 873
798 576
913 234
91 716
934 128
339 694
38 311
535 260
147 699
481 333
26 308
118 86
299 776
804 763
473 557
244 1000
157 975
72 569
948 570
328 387
606 58
865 364
779 572
762 220
91 505
145 716
516 469
240 718
944 716
525 97
691 740
219 600
736 366
609 208
7 371
724 775
672 938
417 573
765 43
914 811
295 564
956 466
742 487
263 26
529 896
896 397
625 991
76 677
342 690
902 375
505 937
589 481
400 587
607 226
258 553
119 630
55 545
711 914
181 351
371 833
815 912
941 693
765 17
823 689
538 704
459 482
846 210
121 987
859 69
273 602
953 8
761 983
392 312
726 279
86 950
547 672
471 648
293 760
864 556
704 965
123 191
597 867
34 708
990 539
350 890
96 885
597 411
618 902
476 820
830 51
497 453
436 502
176 550
900 69
377 282
290 655
359 734
625 204
737 522
648 5
601 107
285 648
804 648
240 957
94 40
315 99
943 199
771 494
222 140
390 936
720 61
583 365
269 997
698 745
805 179
990 369
149 703
721 148
232 795
200 935
50 148
343 633
70 211
736 411
620 424
889 243
36 886
391 167
748 338
490 110
899 336
704 296
637 710
747 138
40 725
793 102
611 683
345 879
417 330
54 897
755 820
295 425
832 571
953 867
64 597
116 394
487 621
148 189
228 867
428 349
341 588
784 461
15 655
570 82
533 78
668 683
336 452
928 536
825 896
195 970
772 921
152 470
610 279
587 906
399 2
43 92
132 183
428 530
772 703
665 521
192 545
547 557
307 784
318 158
865 782
768 498
260 122
482 310
341 113
380 473
995 236
62 181
770 682
553 714
493 743
847 936
403 515
243 960
752 358
843 49
409 499
322 608
307 460
71 351
546 169
757 844
960 482
154 345
636 607
359 416
587 133
491 232
148 831
105 700
757 253
867 405
390 916
232 1000
715 729
205 907
413 734
73 105
614 440
182 308
700 177
666 65
136 800
144 347
474 766
712 879
42 794
280 939
119 792
284 883
410 562
620 527
841 846
789 246
918 806
99 852
817 213
450 406
529 729
871 355
234 840
681 806
665 425
777 551
797 559
147 678
530 793
33 279
307 688
34 72
579 508
318 272
712 219
90 211
716 643
937 698
424 771
152 306
851 752
655 800
18 487
800 733
402 985
32 230
919 732
953 924
262 629
51 450
551 49
350 818
740 510
456 978
967 193
270 19
532 482
751 734
493 826
668 226
431 141
468 904
240 231
592 332
830 858
374 118
302 275
435 238
628 797
350 511
351 834
545 587
676 395
839 169
115 755
331 414
425 853
616 608
672 306
50 502
225 644
862 485
801 534
994 165
979 203
46 246
585 832
383 339
311 150
576 13
206 504
244 171
80 956
407 675
780 447
33 774
577 20
235 344
621 946
880 915
330 444
378 772
704 225
542 641
118 567
766 355
42 716
24 750
704 272
44 273
374 988
913 516
646 754
495 184
392 705
19 628
142 574
675 30
689 355
370 306
228 852
985 887
968 99
401 806
419 429
662 507
846 68
371 868
669 469
358 674
513 73
426 258
47 726
447 104
734 884
327 710
642 542
664 122
321 361
637 163
142 873
473 342
163 654
156 494
462 926
655 181
432 669
566 272
346 895
909 126
833 359
969 871
180 250
734 545
235 249
259 749
454 655
777 104
744 981
504 666
179 386
915 502
165 251
333 949
173 672
673 312
468 940
325 997
401 29
18 715
759 180
762 904
981 234
91 806
967 459
643 273
493 576
662 819
35 545
142 455
143 938
520 179
574 458
904 722
888 495
728 54
623 891
705 476
44 576
939 840
302 120
268 56
514 288
219 554
684 624
757 38
595 311
275 949
236 539
793 792
153 121
746 856
49 56
48 240
931 55
271 574
794 357
686 303
232 508
674 271
326 718
310 195
314 142
408 71
49 271
642 960
347 74
83 871
725 785
525 949
587 784
750 700
687 469
337 961
967 581
270 399
808 978
223 469
392 313
602 238
697 18
817 729
760 134
512 137
255 597
590 502
463 696
744 930
372 995
378 352
751 673
203 87
114 358
887 33
815 324
711 247
269 288
787 223
316 797
619 604
51 216
93 429
578 219
605 562
464 822
448 171
231 368
487 202
566 599
599 617
554 995
945 422
960 263
66 649
231 193
957 343
93 873
34 291
269 885
10 190
607 395
24 520
559 372
943 917
214 783
451 459
484 485
487 313
14 955
418 768
723 119
707 666
289 533
841 960
898 137
168 630
121 608
29 555
232 585
702 786
390 388
854 953
180 600
626 568
115 5
8 969
21 956
64 965
46 597
92 630
219 99
664 148
628 205
584 107
684 190
996 248
194 174
216 650
786 618
42 266
575 164
941 954
1000 10
907 758
359 825
765 278
386 865
981 878
837 778
233 15
100 890
798 767
52 965
203 115
812 975
852 620
669 882
697 377
900 58
995 124
350 343
882 628
530 43
65 409
576 917
250 156
415 716
329 267
577 509
999 770
317 237
16 331
299 814
168 22
921 504
60 28
499 740
226 372
950 496
211 152
781 92
286 714
642 929
899 401
279 339
942 17
980 204
512 858
220 201
457 137
573 331
41 970
760 302
550 421
891 751
582 155
586 214
942 243
49 64
792 51
876 531
276 297
999 779
48 184
581 994
908 278
488 975
976 548
560 803
888 176
802 864
73 676
458 954
974 418
154 687
879 483
77 101
557 283
82 701
335 669
877 766
39 128
445 626
495 322
176 393
877 655
200 543
451 796
646 226
460 81
462 899
730 915
694 766
646 381
599 72
321 174
30 726
753 227
934 440
481 544
321 95
319 764
752 421
990 867
682 48
991 206
781 444
854 210
303 72
640 580
127 436
308 754
271 494
330 918
406 49
188 280
80 625
83 562
377 465
32 244
217 312
575 749
373 901
890 17
561 952
363 115
736 759
26 321
528 643
5 993
559 462
541 687
391 456
305 911
73 187
182 503
93 40
311 145
349 94
847 451
150 17
922 54
615 871
706 897
50 861
142 810
539 767
989 110
165 636
952 498
254 84
462 1
559 669
822 289
182 128
135 122
637 382
204 462
965 295
694 239
492 979
111 907
594 83
298 532
794 689
797 750
629 31
181 377
669 468
281 403
724 673
892 148
368 943
938 471
561 303
760 885
160 955
837 543
307 572
164 915
435 450
419 650
426 146
959 12
1000 51
693 240
87 321
262 711
485 518
693 97
768 344
199 280
403 495
646 345
445 888
321 138
830 21
579 791
801 369
696 25
252 653
692 205
695 970
722 656
937 226
423 647
908 549
529 280
696 375
361 929
303 834
514 543
553 35
2 299
705 360
781 19
879 784
532 827
449 857
899 88
47 802
265 872
71 791
473 717
112 443
205 594
795 264
83 10
283 604
508 517
399 854
182 322
319 450
576 409
614 321
467 461
35 124
379 703
457 978
319 444
965 138
375 84
350 145
546 447
251 587
214 573
586 960
626 533
978 252
24 489
633 427
963 246
431 820
115 473
647 80
337 951
820 516
234 457
203 522
833 76
890 832
910 557
309 170
77 958
152 363
997 253
623 151
226 715
333 741
467 719
322 86
421 458
535 870
938 124
761 823
13 632
325 678
787 113
130 948
437 552
499 144
338 819
458 360
114 758
244 697
860 178
100 933
283 79
340 148
535 693
99 231
302 328
451 910
378 946
914 310
532 761
4 360
745 918
961 881
931 521
969 350
438 523
258 165
991 693
616 697
483 609
580 17
161 952
656 175
274 970
810 680
387 761
590 101
136 951
874 359
749 933
572 994
311 78
776 743
370 248
980 399
549 924
32 918
617 680
31 492
34 320
162 397
13 292
478 999
962 740
814 893
50 726
733 883
665 467
480 647
355 533
686 443
15 264
737 481
591 506
8 601
47 690
739 712
501 773
7 938
446 158
587 908
659 267
214 862
630 866
793 921
763 423
713 510
161 399
470 115
984 440
458 603
310 945
838 942
233 525
677 612
476 875
717 867
664 337
811 482
887 151
669 960
85 137
506 446
597 302
817 934
126 846
789 108
406 676
190 735
281 358
503 396
621 233
913 176
334 906
476 201
947 113
641 814
274 765
331 500
136 742
598 426
308 940
257 598
226 373
13 433
515 51
478 391
712 551
783 802
168 366
606 899
475 399
765 291
576 82
64 358
248 3
842 317
239 463
41 602
996 714
776 643
357 816
411 687
893 531
951 98
148 381
849 408
885 490
867 851
82 9
390 470
158 946
710 655
896 375
860 56
556 289
777 724
758 667
980 641
180 573
589 387
239 18
318 647
780 936
33 277
399 322
848 382
242 933
224 696
788 590
999 108
310 938
594 289
87 188
324 530
38 992
780 810
830 284
692 293
678 720
610 762
721 307
136 247
765 682
325 749
532 381
591 786
189 366
924 231
673 417
344 489
677 489
973 622
422 252
939 418
578 126
373 866
928 81
35 809
387 228
270 733
833 84
26 458
336 575
456 961
754 494
408 868
597 36
676 437
900 185
767 865
459 987
222 187
27 955
780 347
946 175
415 304
878 934
992 977
350 287
443 939
891 553
73 186
454 361
131 790
575 851
120 891
301 474
693 1000
568 995
880 917
755 547
996 799
318 871
391 233
504 393
323 719
362 107
488 379
111 692
883 391
408 335
814 987
581 52
753 51
547 252
202 579
665 105
370 417
791 505
577 949
85 954
980 566
842 563
182 48
58 2
793 205
813 242
45 264
381 144
346 548
639 636
922 438
684 97
388 550
713 439
868 789
461 169
1000 165
229 221
285 91
693 334
649 787
327 704
733 605
919 796
462 621
481 865
43 934
869 286
372 794
800 763
765 733
165 391
94 503
578 416
134 386
561 694
213 395
421 254
100 819
448 308
820 20
770 737
576 560
557 960
578 66
523 719
265 723
91 705
95 137
264 277
804 663
662 541
165 987
890 50
709 542
790 18
913 9
71 289
109 622
37 145
22 815
447 822
946 83
558 828
5 964
101 703
908 155
82 522
754 839
667 836
294 725
615 906
654 578
269 672
456 441
900 966
82 175
853 994
802 596
750 774
132 963
335 784
798 408
46 349
837 446
451 271
72 248
680 503
37 678
617 720
632 16
310 193
662 298
157 338
105 1
662 389
635 657
680 896
401 657
147 341
241 338
574 620
594 342
872 332
357 268
219 295
592 827
919 800
631 506
405 646
366 6
359 791
431 762
324 618
588 271
958 233
206 594
389 146
855 867
297 427
345 238
808 143
40 668
94 467
864 670
703 191
523 525
484 743
568 146
877 120
165 268
937 291
616 254
696 54
679 279
131 261
207 566
924 94
363 284
904 914
887 321
265 600
471 45
457 288
669 575
586 335
770 918
454 407
663 193
791 12
210 683
746 521
446 891
629 476
595 356
136 553
727 867
288 740
145 685
277 344
232 685
112 11
88 401
418 798
689 185
121 463
250 685
15 837
253 218
887 934
288 785
940 782
424 339
637 692
12 313
716 805
954 158
558 276
335 613
391 983
582 494
972 526
376 985
267 858
414 159
551 970
20 114
765 651
778 162
82 727
724 228
234 554
73 1000
402 718
169 745
122 972
940 338
318 458
712 305
56 821
402 865
293 352
782 452
664 332
397 602
55 814
777 196
302 681
103 994
52 80
808 750
535 901
385 887
498 984
428 94
906 435
786 157
370 600
522 739
62 184
246 437
723 763
778 984
449 131
857 65
645 1
986 891
165 2
923 122
619 971
602 695
288 435
827 518
701 33
979 323
681 533
766 537
89 649
307 227
404 684
911 952
568 823
244 803
939 773
83 487
529 1
650 791
499 663
287 166
911 84
951 351
420 261
885 215
245 296
637 630
374 580
325 384
988 192
111 659
796 735
690 374
231 858
870 100
988 119
277 94
376 791
556 290
712 992
21 77
916 234
348 500
486 164
928 712
690 555
195 243
489 314
592 741
875 276
973 88
137 576
391 729
621 614
174 703
276 879
719 517
388 865
741 93
445 624
601 714
109 831
113 800
773 338
190 188
427 282
892 78
52 133
20 475
578 349
394 560
161 283
787 59
60 527
242 358
874 951
771 693
144 562
899 930
956 561
370 368
448 344
265 694
748 819
1 968
57 316
902 698
607 924
985 144
252 913
787 902
184 494
889 364
317 235
230 532
179 246
531 397
737 672
22 768
211 201
273 286
848 662
903 542
407 847
139 437
602 941
876 316
201 76
588 584
17 862
468 446
931 830
145 629
438 786
297 690
525 458
125 546
505 695
785 421
2 905
704 275
803 302
246 204
277 114
228 960
335 940
641 407
471 188
326 737
967 129
334 236
318 721
580 140
46 544
488 188
361 178
237 543
493 437
812 47
523 36
581 742
271 874
313 32
149 394
885 656
618 381
765 506
307 574
842 869
937 667
664 125
404 312
501 764
742 906
891 332
907 675
530 538
218 30
73 817
536 183
939 82
47 561
553 980
825 159
725 423
268 913
394 724
364 874
113 46
259 750
669 903
835 419
14 68
507 786
626 484
691 859
389 992
1000 753
618 832
91 704
493 684
296 248
616 417
635 399
909 378
711 50
151 27
433 274
677 127
884 533
520 182
378 894
912 223
987 693
364 460
597 650
527 755
362 61
762 306
823 344
433 216
131 642
651 459
817 645
126 61
272 348
257 40
367 317
693 749
539 681
224 916
426 560
353 752
524 185
916 654
175 616
579 296
396 874
200 379
794 949
65 547
321 473
873 148
785 455
897 420
368 604
137 511
446 115
813 406
242 204
394 633
693 67
967 868
370 561
141 512
786 182
942 973
658 508
218 391
499 894
763 225
302 479
476 121
198 348
607 48
682 409
562 755
839 267
178 232
126 562
491 115
74 425
922 731
531 453
832 196
207 196
525 223
230 687
654 317
503 889
931 664
553 174
575 773
279 328
603 816
900 4
272 154
184 822
373 270
414 498
620 769
185 760
370 516
41 636
867 680
997 633
136 776
879 730
345 580
514 37
589 607
383 586
144 290
810 968
136 455
798 501
35 820
513 379
271 543
672 185
383 987
357 252
506 806
470 949
385 281
439 970
138 115
945 833
160 519
607 985
484 64
507 289
753 136
495 320
284 303
827 449
724 530
954 723
782 453
910 702
761 479
920 846
762 523
490 822
507 252
270 136
365 246
256 598
958 21
601 824
159 940
956 558
846 750
540 941
339 532
817 932
352 260
57 543
723 762
425 67
902 735
134 885
765 855
363 251
606 325
38 273
866 142
648 37
922 652
460 579
870 718
523 871
448 27
487 154
622 691
553 488
277 747
459 701
191 834
380 289
326 175
878 904
311 281
903 565
279 255
877 625
856 166
14 632
897 612
974 634
471 480
874 310
486 944
931 773
948 877
607 162
748 194
371 336
577 653
689 843
54 839
976 761
495 819
277 236
999 451
140 788
793 70
158 944
15 969
271 627
201 403
76 745
831 619
581 880
34 213
399 137
185 871
214 322
158 82
911 432
901 650
295 175
651 991
634 893
263 397
547 798
716 703
231 165
863 568
940 311
669 239
929 66
214 180
200 514
223 302
812 761
760 570
321 306
998 724
411 449
214 39
215 730
648 901
995 302
338 983
262 617
826 540
497 418
621 425
397 351
751 730
717 918
791 627
83 582
330 917
904 988
445 420
145 752
13 864
550 73
442 666
994 95
500 404
891 717
235 929
397 146
663 725
183 641
403 769
98 507
156 735
896 890
596 388
628 575
130 446
596 221
465 565
815 685
28 513
502 456
250 401
303 649
842 125
868 404
25 317
633 80
808 848
980 227
709 491
378 573
975 40
445 257
262 461
391 235
767 138
499 400
872 918
263 45
358 501
842 430
936 935
729 565
300 54
429 342
567 16
608 111
715 773
699 152
457 533
797 747
12 593
766 208
489 388
333 11
462 337
101 63
391 687
603 341
180 642
788 65
478 149
777 976
742 824
800 543
764 832
219 477
99 675
368 310
968 980
539 625
574 848
920 791
797 47
928 290
858 47
82 146
317 330
673 466
70 514
96 989
668 339
554 70
493 794
721 851
722 784
249 334
341 422
554 233
784 606
127 314
255 497
666 606
867 243
960 447
652 477
517 42
339 810
144 844
696 489
843 330
800 989
376 293
726 517
35 434
109 765
899 93
830 551
10 764
448 865
35 259
329 34
67 626
729 513
100 666
325 438
571 290
75 659
331 877
893 659
751 739
345 997
89 787
788 545
718 294
21 190
520 755
729 803
127 604
43 427
396 517
292 630
96 351
399 439
747 592
806 871
932 550
812 12
815 927
63 991
447 59
142 559
289 73
732 347
807 267
722 289
623 35
882 219
496 104
119 256
764 219
94 164
267 623
489 531
74 899
988 531
263 228
132 295
431 373
911 63
803 926
381 758
260 387
133 155
815 467
263 776
414 652
242 814
458 260
929 709
714 597
950 893
834 554
151 856
759 231
672 33
170 690
248 558
250 139
588 860
737 638
465 851
397 218
653 457
153 910
616 700
189 875
279 67
634 448
917 237
76 913
77 64
349 387
200 299
948 825
24 951
183 648
560 989
135 153
27 560
407 933
966 685
605 601
902 685
664 587
166 933
480 444
603 590
328 96
594 135
560 827
335 615
708 387
983 795
430 649
612 615
485 135
548 443
492 677
976 858
224 671
389 321
941 660
618 291
313 95
993 717
225 827
565 841
255 791
453 987
536 65
426 105
688 186
673 184
906 193
345 351
200 630
848 66
995 309
389 244
263 735
694 641
937 638
972 35
885 821
917 574
777 91
948 20
821 770
859 499
824 330
386 525
653 585
341 493
213 163
804 602
883 963
411 767
848 910
687 911
999 937
175 219
378 981
842 984
257 570
614 704
304 635
50 83
947 227
443 896
727 912
710 198
641 973
733 383
291 212
273 392
832 80
300 926
303 613
508 729
274 813
24 616
867 630
872 812
979 16
543 608
926 521
232 294
755 761
348 33
795 271
813 489
780 246
397 630
415 157
399 568
168 598
543 145
47 741
842 538
310 28
257 384
43 499
975 282
387 773
638 587
194 637
836 60
341 762
489 431
141 782
879 382
347 25
446 504
99 936
985 911
503 249
181 146
418 228
664 244
205 44
836 466
584 395
108 655
396 819
828 814
722 489
917 417
860 639
509 519
437 474
186 602
1000 106
484 859
468 576
189 661
66 103
677 517
170 473
852 541
959 859
673 422
947 771
397 738
863 511
576 727
167 436
962 351
327 178
517 398
791 739
1000 550
752 135
737 565
926 652
961 141
856 101
784 642
303 938
35 520
326 121
19 611
791 961
795 2
83 276
266 732
448 151
24 934
250 712
942 454
309 843
809 371
6 677
724 122
232 856
547 387
32 692
948 834
328 331
26 343
288 311
961 713
653 275
675 295
54 800
185 567
516 541
409 959
284 829
374 977
124 572
840 373
155 426
987 486
471 201
756 41
921 20
723 416
941 425
410 531
396 610
453 607
314 247
944 802
983 195
270 666
917 177
499 455
519 29
715 178
963 175
414 213
575 379
663 770
794 607
63 246
360 7
869 922
822 433
76 323
81 467
834 819
988 520
293 718
20 266
649 382
725 715
781 873
820 241
747 947
143 76
551 67
203 209
117 955
716 122
428 870
623 349
873 762
912 646
471 945
240 169
352 979
598 262
723 708
669 822
28 162
827 717
151 164
213 859
820 309
537 825
407 911
924 283
654 180
531 427
844 738
938 619
5 944
390 966
235 29
516 332
818 776
733 423
588 622
19 861
480 179
9 463
250 549
838 226
733 472
438 252
854 893
831 895
334 445
961 983
636 572
362 74
969 226
349 320
615 101
689 145
671 919
743 427
175 836
861 293
183 217
872 514
379 626
766 98
234 275
609 293
243 227
633 431
923 831
765 186
699 788
704 654
742 842
465 254
376 559
394 178
734 58
642 588
171 47
276 178
336 109
1000 132
449 642
836 298
237 803
591 512
997 249
857 430
844 156
494 349
242 202
354 496
873 948
530 399
196 116
521 208
890 401
281 943
543 963
415 944
696 219
597 278
853 252
356 420
369 823
886 892
688 685
236 702
51 223
605 668
454 232
848 931
189 117
304 705
639 493
108 107
754 565
666 691
667 406
249 75
895 196
587 159
202 115
115 686
791 9
518 835
61 300
10 782
852 9
505 418
70 186
539 786
473 700
718 758
205 993
721 139
912 61
325 24
644 501
184 824
923 479
619 44
110 721
918 214
595 71
944 381
174 161
140 882
913 566
608 970
111 547
427 742
943 758
790 90
286 175
617 301
110 563
2 766
140 592
849 338
959 285
221 154
50 677
769 433
254 989
238 454
93 577
924 731
64 841
671 318
214 319
680 203
664 8
459 388
538 609
890 864
969 863
284 297
376 698
760 544
65 958
87 261
659 380
808 834
511 585
506 881
574 873
31 137
647 743
190 22
412 52
415 887
381 665
460 264
7 725
969 802
307 135
878 338
330 748
147 814
299 539
781 403
360 539
198 303
570 754
843 965
442 789
839 701
333 888
908 538
212 383
710 394
516 87
833 275
136 283
834 430
624 934
217 336
424 654
829 105
758 49
248 442
833 246
767 434
589 910
861 169
917 631
330 307
314 101
960 134
788 763
512 863
249 85
931 775
881 47
861 218
475 387
684 565
318 847
874 327
714 595
305 64
469 829
945 291
239 459
997 667
603 572
34 497
287 961
132 902
168 599
301 805
488 820
332 637
578 869
851 299
120 287
484 256
68 71
304 40
509 947
827 274
880 291
906 911
559 843
963 178
12 574
881 621
842 765
114 148
149 371
564 598
985 822
146 667
550 889
826 329
789 835
977 163
461 274
965 264
802 462
418 455
203 935
39 53
403 566
284 444
982 207
949 446
346 869
920 684
62 121
134 410
686 919
227 282
527 401
830 98
958 55
946 372
605 802
566 552
405 833
296 368
958 390
339 562
895 553
682 460
244 765
943 423
66 953
307 385
537 860
972 437
799 676
816 13
183 401
162 811
515 885
519 805
203 572
467 180
359 450
269 982
257 950
240 842
619 214
411 397
31 876
239 521
97 32
171 857
98 731
481 193
580 715
27 733
637 934
514 201
280 149
694 454
415 227
898 219
189 595
589 124
465 358
708 294
211 262
12 365
718 379
261 538
466 840
84 623
693 519
784 365
20 983
936 568
556 257
747 630
486 414
548 365
769 72
661 74
992 383
149 294
447 1
968 248
355 702
266 341
711 709
397 957
164 194
552 902
178 44
234 752
665 602
808 993
228 406
657 666
693 108
911 37
652 367
470 302
643 744
894 531
447 893
645 26
687 755
526 823
468 827
387 264
553 763
460 882
919 476
152 976
602 328
913 227
881 183
57 597
522 521
946 365
801 598
985 241
804 659
291 544
643 279
644 996
335 299
899 414
969 677
696 491
491 25
679 546
22 803
4 490
709 683
838 449
438 979
771 174
631 666
322 936
551 946
214 906
253 976
549 131
643 66
649 757
570 796
589 807
534 168
516 611
358 657
661 451
745 505
732 785
720 809
223 910
908 324
345 788
383 544
702 888
7 14
963 364
965 262
396 519
606 520
699 166
780 877
699 791
498 492
975 578
959 329
483 384
647 980
470 142
641 146
773 207
350 688
59 549
25 629
669 292
11 390
489 640
51 452
406 849
446 118
307 908
865 906
536 150
720 147
593 411
632 575
483 207
156 191
193 710
382 124
473 37
954 540
545 201
877 116
513 619
741 320
455 34
203 77
114 352
995 249
578 51
778 593
891 56
711 237
344 421
625 116
735 251
312 707
778 544
431 58
969 615
477 410
723 592
690 363
354 53
65 398
625 342
192 55
930 969
143 916
459 611
244 971
110 618
417 775
823 411
878 866
853 672
802 658
675 640
32 654
59 167
337 328
796 576
965 55
325 424
935 803
554 670
390 348
89 877
608 971
550 930
367 338
629 875
659 850
438 507
495 254
29 726
628 53
216 963
585 350
971 885
202 790
24 347
544 769
357 74
582 637
710 582
90 855
510 552
115 440
634 868
237 885
402 714
846 817
872 428
212 853
499 820
271 988
260 323
315 808
620 689
655 890
622 139
555 62
792 284
761 869
412 53
345 206
406 357
402 127
4 991
134 590
891 87
969 801
459 963
854 200
268 555
161 605
421 3
361 381
978 832
80 395
155 123
657 797
714 966
93 395
463 809
890 7
636 999
250 166
779 20
143 635
394 938
835 811
107 128
913 74
507 682
182 626
538 458
169 357
373 205
283 765
947 274
16 464
418 604
112 361
609 689
562 71
686 608
277 547
330 387
393 865
978 279
314 287
28 734
547 374
783 862
163 97
292 859
41 605
935 258
373 400
600 460
504 481
224 476
785 590
22 279
230 717
927 240
508 296
171 465
814 674
820 731
228 134
768 822
191 602
555 606
386 896
223 740
557 132
542 872
287 631
826 417
78 264
683 323
777 778
834 813
194 140
158 371
324 543
218 770
626 139
591 763
371 604
377 927
618 551
213 257
157 958
151 591
407 417
246 715
312 925
961 496
720 267
565 254
895 603
425 19
458 173
222 386
338 647
669 705
191 653
140 401
291 519
131 238
706 326
445 274
304 650
235 930
805 18
258 247
371 576
494 176
218 783
993 387
466 261
446 823
505 345
442 362
315 232
980 238
358 142
549 383
40 321
690 59
991 942
850 302
962 916
68 375
567 847
187 131
84 761
90 634
362 999
827 83
903 222
11 46
33 831
436 529
884 151
797 744
944 100
765 148
340 833
91 461
493 433
77 178
635 648
872 341
502 560
85 520
640 75
172 739
437 395
848 494
460 28
850 660
309 517
263 515
11 490
929 99
678 614
403 388
8 372
764 33
216 503
403 298
185 316
744 77
891 174
284 48
218 316
592 1
477 513
630 585
21 799
541 216
389 859
666 829
416 983
652 53
293 447
648 130
297 52
781 513
216 132
957 608
460 567
868 436
959 607
672 914
658 182
397 34
678 189
754 527
776 181
744 521
321 712
452 630
454 428
629 338
499 565
740 989
652 431
698 733
236 364
735 858
6 756
109 651
280 605
758 792
949 539
883 505
168 498
831 889
478 723
447 608
90 687
236 929
664 626
790 655
81 992
689 225
391 89
908 325
214 708
716 830
868 577
428 226
530 950
547 108
567 113
92 151
699 185
387 863
407 181
30 197
243 146
307 753
237 912
579 445
689 393
398 331
536 104
242 121
171 191
638 747
30 131
489 528
610 716
147 54
129 583
981 851
674 829
569 595
859 379
878 453
751 825
274 207
147 935
973 463
632 687
716 517
338 3
721 399
924 36
599 490
35 791
752 483
515 513
551 327
212 357
108 470
31 458
65 764
355 375
212 468
395 540
516 12
796 780
943 207
106 578
162 848
986 686
843 363
149 598
4 463
776 288
781 49
434 860
552 199
442 435
740 832
83 447
322 937
714 103
823 267
801 957
750 678
554 671
614 359
465 284
183 661
322 726
345 887
497 540
868 613
172 44
817 161
746 89
447 79
358 259
270 673
661 218
101 828
559 945
447 459
34 60
915 925
834 275
440 379
2 542
25 935
142 526
200 411
494 29
955 541
578 592
190 314
119 368
530 719
432 638
238 38
406 882
375 770
65 956
851 845
691 992
708 834
108 630
18 266
806 499
20 460
39 480
40 637
864 703
84 912
355 36
467 606
838 563
39 710
920 624
527 93
734 371
130 517
991 96
588 462
613 574
65 504
61 559
216 124
933 167
147 240
602 958
504 951
288 456
347 983
666 661
306 36
382 779
735 781
424 167
409 277
573 211
45 858
838 770
179 556
992 809
704 157
44 406
318 845
500 112
562 215
948 792
976 765
652 36
653 381
896 478
478 826
249 530
755 500
750 946
7 81
309 345
772 839
225 634
16 699
789 976
82 692
764 126
15 280
346 65
189 257
699 380
593 192
940 307
488 498
643 976
200 518
948 799
225 949
778 421
427 273
857 484
837 838
472 902
560 699
769 558
627 270
630 755
118 391
372 947
928 137
782 340
986 179
256 566
277 916
811 452
207 727
393 355
327 30
977 995
521 127
960 649
657 879
969 941
532 601
825 465
476 619
463 927
589 677
250 72
658 83
475 917
421 439
114 907
740 683
358 832
869 777
122 398
948 440
36 850
273 128
112 168
424 244
153 986
280 845
723 873
830 527
136 535
340 287
912 232
257 805
22 103
426 916
446 292
45 958
547 388
399 891
208 703
25 434
577 621
135 845
176 770
196 333
959 932
382 400
76 811
818 288
346 481
699 47
183 246
560 887
244 448
372 317
409 813
802 812
162 426
726 970
798 320
488 161
950 15
402 625
112 929
846 76
64 772
234 476
487 770
661 185
699 890
792 8
997 113
726 401
157 106
432 951
534 552
665 687
816 781
445 210
780 680
86 931
399 66
789 726
792 294
907 567
217 929
928 849
294 239
578 442
565 160
696 945
125 745
200 768
708 696
531 97
606 487
956 722
632 882
429 558
928 115
183 433
621 26
696 143
937 235
938 820
499 790
541 505
602 761
631 925
754 524
459 744
118 943
66 522
13 17
822 809
749 263
752 53
291 947
993 317
614 655
724 443
981 468
487 47
572 247
516 8
477 117
336 887
948 690
110 841
92 300
329 38
331 656
225 117
23 830
642 898
14 935
148 477
222 586
371 268
311 507
654 759
604 294
72 879
568 884
555 874
521 942
444 567
157 522
799 111
547 158
115 128
137 550
284 947
463 33
148 162
15 690
9 155
383 768
370 161
877 558
362 525
661 221
166 528
741 15
355 732
251 799
416 328
916 397
76 354
872 449
86 975
427 170
859 205
294 184
856 629
602 153
977 162
454 946
56 125
313 402
942 871
851 910
419 699
255 546
21 818
464 625
726 121
48 880
821 859
109 153
716 135
679 269
757 605
79 577
779 561
356 566
340 147
970 310
916 944
49 348
445 488
801 624
587 3
438 659
38 377
705 220
580 761
853 332
252 837
628 972
679 704
993 345
689 576
637 778
490 437
249 938
486 905
789 406
607 499
365 772
66 498
978 305
88 407
586 186
788 594
491 946
975 492
429 504
103 225
395 40
876 551
897 942
956 311
574 527
166 985
724 915
194 738
196 20
287 895
56 767
537 112
106 150
43 395
37 441
393 680
674 299
257 297
447 563
189 814
429 100
413 166
366 254
243 369
725 829
580 80
944 697
162 217
152 479
929 185
881 672
498 240
6 345
657 727
323 487
911 238
238 150
20 461
83 851
156 157
507 243
694 645
6 596
744 902
359 535
507 864
253 883
592 202
853 157
726 901
181 528
365 275
761 566
697 754
900 433
773 845
338 560
818 870
567 673
331 493
758 52
26 373
10 862
639 275
714 166
217 454
553 124
2 234
700 501
314 87
118 774
637 814
691 234
841 313
269 768
453 35
723 829
575 804
396 389
879 966
20 617
244 207
710 996
125 348
641 739
864 468
662 27
59 50
245 675
616 969
780 242
632 728
168 602
300 79
759 893
893 968
297 972
646 670
243 47
422 865
638 100
96 932
788 315
883 127
812 605
152 29
444 989
746 205
626 935
609 723
313 14
856 864
293 108
360 47
131 321
793 198
389 50
601 716
926 235
638 721
57 130
497 123
189 389
707 472
562 551
322 102
116 899
734 931
695 683
664 261
62 124
985 335
895 756
34 517
679 247
834 124
798 707
325 615
473 140
806 254
717 913
248 652
194 334
269 352
938 849
188 272
2 428
866 175
648 454
478 185
689 686
173 597
209 932
506 416
162 806
41 227
740 571
409 327
762 95
483 633
113 404
897 554
321 246
611 814
297 410
636 747
657 426
862 381
679 793
224 305
666 392
685 476
615 927
763 744
250 525
969 121
720 945
922 161
39 899
724 245
136 886
768 583
14 891
842 344
846 256
495 850
82 85
767 774
73 366
440 615
811 552
59 975
421 812
996 612
44 153
952 607
327 778
970 631
78 72
499 181
767 612
254 905
43 352
685 817
974 266
944 245
48 442
693 294
417 107
601 557
256 145
885 666
699 935
488 64
769 367
368 566
20 167
294 258
388 835
191 158
564 420
467 90
289 130
398 284
806 425
609 985
773 176
556 832
621 358
825 161
310 683
612 127
942 840
617 455
156 197
428 866
859 398
520 352
208 764
227 40
797 425
398 169
347 707
576 567
334 811
788 781
49 905
618 842
657 842
554 210
850 639
354 44
598 267
911 666
539 827
443 750
995 781
65 336
939 5
952 600
130 492
921 527
279 205
961 798
166 1
196 637
639 299
805 133
234 744
900 687
81 683
633 902
642 509
689 948
839 938
333 713
74 224
148 623
268 197
469 769
738 338
789 482
594 890
353 808
338 60
267 504
548 95
396 732
315 468
48 233
121 421
898 994
234 140
733 246
613 384
44 125
851 375
765 197
90 975
902 794
348 267
315 690
642 985
863 857
176 363
747 740
822 214
43 221
627 427
658 588
299 388
204 271
674 200
677 743
972 933
105 582
693 77
660 492
676 118
327 451
43 776
248 998
553 587
240 378
243 833
711 238
715 235
962 64
408 901
834 215
84 298
502 73
886 917
514 729
893 834
757 973
83 754
293 455
602 730
368 252
151 53
616 530
598 887
32 931
514 507
477 39
39 864
667 27
686 204
339 954
529 30
213 605
254 299
454 281
917 607
560 756
969 416
92 305
779 596
573 318
496 638
638 813
353 987
689 801
999 68
50 797
474 625
735 606
206 168
814 939
597 537
943 525
393 468
917 418
866 522
614 244
157 493
71 983
174 640
422 979
171 721
137 577
985 773
644 332
272 604
499 233
480 671
530 232
194 901
508 332
609 694
579 266
870 319
813 892
539 904
993 704
262 869
375 228
820 919
698 375
799 825
774 329
133 984
850 602
891 266
854 370
930 322
364 650
282 693
815 525
804 786
811 651
78 751
428 810
342 800
596 454
401 178
652 813
620 761
282 778
127 411
952 835
754 371
810 161
5 321
825 743
377 316
333 109
624 843
239 930
293 198
666 608
339 888
282 152
445 380
670 706
64 345
396 160
553 99
439 322
374 701
781 83
178 488
18 513
11 712
504 6
32 685
474 930
515 72
221 183
495 968
206 277
980 324
585 140
567 868
453 324
776 651
519 81
867 304
842 436
292 981
920 470
79 303
391 931
853 788
845 932
132 785
621 829
694 139
43 263
707 812
358 700
726 400
793 283
280 194
265 146
488 101
915 808
305 802
927 561
24 849
271 61
281 841
356 139
308 54
76 58
36 726
821 495
288 42
324 824
271 211
833 258
852 538
213 96
658 431
405 621
243 588
85 38
964 895
749 511
849 768
346 562
27 149
635 504
395 713
235 790
182 819
53 54
772 217
723 525
425 818
619 940
601 425
875 326
572 382
494 964
888 571
136 650
619 829
178 61
415 312
887 193
120 788
671 523
876 315
35 365
309 854
439 40
978 359
120 899
887 784
128 520
406 147
685 364
119 976
979 51
15 789
913 609
951 41
20 765
520 733
952 390
708 290
671 958
414 429
914 845
774 445
278 684
221 181
31 428
1000 429
945 818
430 830
573 810
651 442
979 437
57 777
29 780
431 904
641 138
699 892
868 797
560 38
946 963
600 999
86 822
678 522
54 272
118 503
546 120
730 973
582 858
401 463
458 520
369 83
901 394
502 845
155 760
105 617
752 540
695 654
844 3
816 621
636 102
393 268
268 904
839 323
126 55
208 765
688 567
429 667
70 663
826 685
520 496
829 346
479 449
65 53
946 406
611 30
529 279
506 208
518 969
79 120
300 686
338 505
212 34
359 397
72 725
792 898
814 323
546 933
932 138
387 375
904 683
173 346
62 774
484 612
163 429
58 349
611 555
500 938
785 634
382 434
421 894
278 461
266 817
124 605
729 805
92 227
898 298
777 651
560 789
766 45
285 356
547 17
529 526
475 26
25 863
353 634
157 298
811 821
560 115
155 777
997 2
375 914
727 249
591 130
882 322
501 808
194 832
345 468
298 461
190 236
416 891
960 934
192 694
644 384
596 889
498 940
282 705
725 347
855 1000
97 710
169 177
744 827
212 432
1000 325
433 708
913 306
640 662
18 86
181 570
374 5
585 714
303 11
252 609
131 154
298 393
271 828
649 870
883 922
547 914
204 595
68 387
995 808
749 745
330 137
938 584
435 310
729 325
69 236
966 106
605 298
355 606
745 703
196 737
534 217
702 626
150 214
448 160
726 681
81 944
465 847
9 487
693 857
737 173
646 545
974 178
85 905
141 659
239 144
276 398
629 792
632 52
794 335
816 139
552 661
917 131
538 840
182 620
12 535
153 951
73 519
347 160
795 480
517 583
483 416
923 911
673 848
27 922
577 402
272 856
209 353
160 875
483 265
752 725
792 352
69 874
133 937
536 26
544 304
262 535
178 978
530 383
126 996
772 448
792 574
481 643
998 924
658 475
809 861
39 592
304 787
165 707
285 752
117 328
37 127
347 955
767 347
566 786
37 192
297 275
717 404
874 543
554 591
133 942
52 515
92 752
679 742
258 158
296 981
558 781
939 893
562 496
466 285
853 735
585 849
714 55
698 656
861 164
988 536
746 740
767 14
605 191
881 400
457 183
224 134
701 652
245 304
528 462
488 539
287 63
920 424
572 2
962 831
693 701
396 741
749 785
519 517
415 106
131 592
685 41
44 183
120 181
357 136
528 236
395 423
452 156
492 993
733 829
777 707
93 92
137 636
564 829
12 420
180 518
879 388
590 969
377 896
315 765
962 624
618 510
447 488
886 621
363 997
91 18
272 712
617 62
377 833
319 34
163 526
303 689
95 587
996 134
456 451
329 951
698 264
627 354
169 606
461 414
483 186
194 59
947 619
603 157
363 656
441 658
134 415
928 140
604 737
221 899
517 214
943 332
1000 270
319 742
87 522
146 88
717 911
189 214
299 634
326 337
74 310
577 181
246 24
105 968
344 16
986 579
143 554
537 807
190 627
999 971
212 15
151 124
62 151
247 535
505 492
679 650
909 129
303 662
662 987
679 795
185 927
426 915
425 636
192 706
139 314
804 56
52 905
845 660
844 809
387 568
500 87
620 832
32 87
805 594
681 732
314 927
599 602
943 708
585 56
474 729
438 52
367 406
349 743
611 748
225 441
617 879
854 908
926 265
653 495
586 978
953 429
435 962
378 30
314 241
251 534
140 533
508 191
718 30
647 102
725 770
979 622
428 280
713 446
716 587
674 51
704 727
251 884
734 867
197 939
509 305
441 829
906 273
506 285
15 31
113 85
563 329
153 615
596 445
853 226
360 969
363 410
880 256
961 65
564 26
378 53
640 570
808 460
38 449
135 686
596 427
51 64
361 798
639 503
51 118
472 417
880 494
350 454
829 151
960 438
861 970
884 541
277 617
634 68
763 424
50 21
698 729
736 540
166 845
888 711
961 909
653 79
876 280
269 838
255 173
540 455
559 357
232 698
547 421
292 749
16 171
790 27
738 456
25 403
872 874
724 779
605 24
309 587
112 659
893 797
604 464
220 425
277 596
443 394
119 725
428 222
225 566
836 114
964 79
451 20
568 746
823 788
572 532
8 935
63 131
163 633
627 60
775 294
800 562
873 156
115 649
143 136
38 982
424 966
509 459
371 619
959 42
997 227
302 811
336 68
223 367
233 543
467 922
185 348
21 974
248 1000
744 941
691 678
160 46
14 185
344 588
347 688
122 880
843 944
492 34
256 864
21 736
522 583
66 843
677 313
207 718
147 758
281 834
706 283
446 518
86 505
144 784
348 528
493 537
645 428
443 780
635 272
336 825
825 43
123 612
572 295
993 350
222 888
245 57
231 250
822 955
344 998
793 671
662 784
738 138
520 809
96 761
693 526
444 257
541 877
145 676
275 789
206 626
238 245
743 236
410 256
672 595
81 457
733 54
880 982
314 996
386 313
265 196
624 459
185 625
756 248
774 491
414 490
418 552
571 37
771 551
99 804
771 692
612 622
333 123
336 289
579 383
465 67
472 737
968 166
181 135
366 253
318 352
953 199
717 422
76 306
668 558
486 266
104 59
266 278
642 733
368 624
459 267
960 788
703 996
105 407
91 836
111 393
223 323
632 608
228 427
798 585
360 867
789 636
997 505
818 358
677 507
199 107
130 622
332 328
193 54
614 265
873 692
821 956
807 761
499 802
869 896
448 484
469 274
435 158
18 970
717 716
832 282
173 622
750 830
984 69
749 315
951 515
90 256
667 72
101 796
905 595
691 126
196 544
514 477
404 693
886 495
818 71
89 513
10 703
743 131
728 872
444 431
451 515
287 169
415 100
899 299
791 265
888 366
816 507
562 211
470 668
144 312
823 152
811 688
300 187
541 915
304 190
766 450
695 951
580 258
854 865
819 926
215 313
167 698
24 444
414 81
163 979
457 754
314 333
82 289
524 456
621 972
236 730
347 143
403 530
926 95
214 349
437 49
777 781
850 685
654 994
517 505
117 831
225 969
483 189
13 724
105 627
488 261
950 611
40 718
609 803
612 70
540 747
616 1
321 187
963 756
178 612
472 825
825 251
517 213
854 126
164 550
938 973
69 623
87 889
818 694
643 289
610 820
648 457
852 873
496 331
424 248
207 279
615 698
338 418
546 927
97 551
503 648
804 347
418 522
550 291
183 782
64 446
16 49
594 514
222 963
667 882
267 320
305 21
415 88
399 839
685 777
776 730
687 492
361 270
42 851
222 765
176 917
799 119
656 399
695 38
182 159
609 417
422 910
404 141
319 274
305 871
547 119
345 691
76 517
646 889
409 674
530 990
965 445
944 857
901 581
7 198
393 886
730 681
581 488
756 325
150 842
318 312
800 535
