1000 9896
472 584
751 66
94 707
457 95
982 633
66 416
121 955
584 317
713 671
454 571
492 394
150 916
640 366
845 283
574 811
852 713
123 31
640 285
199 162
365 182
176 561
799 979
1000 363
216 282
434 369
613 45
40 968
847 967
829 344
65 11
801 511
3 241
697 702
503 590
365 617
256 931
22 842
705 244
13 509
248 393
141 264
848 732
787 384
654 302
219 649
37 360
221 475
224 353
666 376
338 281
837 241
287 201
948 702
329 42
662 996
97 70
68 449
201 224
130 188
25 402
210 110
267 509
270 940
568 888
474 523
201 369
546 883
26 831
646 714
796 303
996 539
79 481
392 745
530 947
799 360
788 271
385 308
850 960
978 141
530 962
380 919
801 199
769 430
665 365
362 521
392 66
114 487
405 539
124 3
933 761
971 570
536 109
476 915
540 103
744 240
212 942
322 58
380 228
241 170
249 738
412 47
142 960
843 853
609 632
367 591
83 819
887 132
962 125
472 241
645 120
743 837
389 954
339 515
692 5
251 351
622 834
943 421
5 362
402 64
216 101
677 461
934 217
596 456
527 794
382 897
199 821
554 836
848 553
934 955
719 435
848 696
429 833
451 665
788 888
435 464
348 823
41 841
649 650
531 101
404 246
187 480
410 257
763 661
732 860
434 699
184 942
918 233
477 375
465 279
653 340
162 273
148 364
131 630
998 10
802 993
569 986
550 823
440 546
347 652
816 141
950 88
561 223
944 33
51 825
142 608
876 848
471 492
573 848
579 271
462 657
210 406
301 621
530 697
306 484
866 290
453 818
966 617
168 721
544 997
836 219
30 452
488 411
622 290
860 403
705 598
81 284
246 630
797 126
526 548
233 617
551 179
463 755
445 836
411 860
632 123
268 963
839 372
483 126
48 897
514 918
660 648
294 954
597 307
325 528
92 829
853 10
30 787
442 655
562 652
523 926
130 288
117 432
745 895
501 17
726 746
250 275
912 370
252 869
615 388
681 443
75 996
993 377
166 573
351 627
671 374
526 301
292 99
884 709
187 415
723 193
448 929
785 294
715 677
609 186
330 397
520 597
286 464
14 867
538 25
866 698
63 518
693 699
984 561
663 675
693 556
162 420
86 776
594 99
885 608
724 546
29 692
587 821
730 547
317 860
661 63
129 198
556 171
495 393
298 695
686 482
769 14
270 561
147 294
994 863
977 11
834 692
581 665
313 131
976 205
579 120
906 232
11 398
53 65
366 504
742 631
411 571
721 296
249 964
318 206
51 465
143 481
184 238
38 249
335 104
563 426
194 475
691 854
131 310
352 278
777 456
460 15
13 774
255 375
570 657
477 729
773 796
342 557
203 361
847 512
313 793
960 428
469 422
292 417
724 428
600 114
545 567
89 755
348 840
420 77
166 601
889 84
466 511
378 429
913 836
128 668
1 386
333 113
757 85
996 947
188 848
170 807
157 799
760 342
124 965
140 930
469 986
491 638
475 277
167 635
414 400
641 380
791 498
656 287
931 151
642 862
384 427
846 38
499 185
119 608
814 68
12 586
710 625
401 785
453 744
659 200
703 712
253 363
521 625
915 841
536 18
740 210
725 610
427 227
29 43
893 300
713 670
988 512
241 141
665 547
523 397
119 164
490 799
959 414
147 913
789 578
117 899
626 395
754 212
282 539
709 848
691 765
543 868
415 965
786 219
605 23
79 616
960 746
50 350
542 39
329 493
259 502
170 711
193 366
925 597
335 831
592 436
64 253
796 806
249 183
675 911
987 993
401 188
210 698
800 400
239 709
840 556
80 509
607 410
562 9
488 710
155 461
131 314
956 369
617 559
282 352
694 421
899 150
366 538
516 761
918 189
222 734
923 745
90 600
508 511
847 981
417 348
653 609
595 145
244 289
765 193
675 41
150 389
550 812
807 476
813 187
172 213
210 288
564 759
548 275
864 877
243 152
445 748
229 149
926 5
985 975
695 344
399 143
428 397
996 151
878 237
810 21
717 17
560 340
816 814
85 423
782 503
786 906
143 59
298 440
80 233
320 536
854 453
547 575
342 169
255 600
778 713
121 737
838 969
804 841
161 729
695 796
22 666
721 385
647 921
815 331
271 389
972 278
277 824
259 325
227 473
435 47
799 839
361 879
948 351
472 16
571 812
296 222
904 925
192 927
744 732
800 222
160 381
622 669
144 521
89 698
507 647
697 955
130 460
404 659
154 283
490 758
580 19
22 177
761 89
232 161
585 779
590 564
168 325
440 265
908 1
175 514
822 731
461 849
171 491
24 307
524 192
637 329
585 502
487 530
419 306
202 910
405 235
188 749
764 588
780 809
690 901
432 135
533 239
826 91
479 531
464 232
375 962
855 468
197 538
126 445
219 126
58 176
3 849
885 685
634 879
410 885
935 346
769 314
677 822
473 360
803 645
475 694
194 210
472 944
34 651
53 157
825 108
518 441
152 706
688 404
172 765
873 920
838 922
624 530
790 857
254 316
320 403
205 163
471 302
32 7
307 143
147 822
791 609
4 85
77 521
781 395
583 771
146 130
204 908
297 118
613 568
942 614
834 311
504 590
526 97
695 549
992 739
540 69
245 249
32 852
662 720
314 578
259 95
278 233
61 215
979 332
553 103
628 557
369 646
499 755
979 317
891 537
288 684
385 669
633 66
284 424
102 271
343 531
491 772
116 415
894 138
887 978
210 55
853 943
395 75
241 715
718 359
993 804
576 332
63 918
875 696
254 775
973 693
846 459
258 624
768 781
912 827
436 683
772 845
258 608
214 480
915 526
259 803
149 379
502 559
638 843
443 134
31 168
958 882
150 799
229 830
266 264
273 540
860 624
152 687
280 484
318 124
531 877
555 19
338 919
338 973
815 557
844 51
147 997
540 788
189 354
818 594
891 8
194 472
782 201
990 876
900 124
260 211
902 550
890 320
520 378
81 678
517 501
244 709
299 908
543 919
32 769
640 960
383 146
938 749
244 628
734 115
292 418
317 849
356 809
529 73
13 120
895 132
842 16
503 337
370 785
440 586
302 110
162 517
688 652
165 670
996 956
413 692
585 195
386 332
206 373
394 832
211 417
414 262
235 487
954 379
665 196
528 188
253 151
219 875
614 176
120 212
375 612
102 996
521 813
914 984
684 454
152 207
225 559
195 147
603 318
231 593
327 918
292 683
665 407
501 943
392 557
409 593
34 126
284 762
485 343
802 123
416 290
713 524
989 711
8 231
995 406
122 534
582 862
385 291
95 825
939 79
618 514
178 695
638 577
840 976
798 657
433 835
765 578
860 890
554 445
592 248
21 792
155 282
895 612
861 692
69 493
848 801
366 810
51 202
181 595
41 32
867 108
597 91
815 148
66 917
408 796
782 967
549 984
435 216
499 909
302 168
113 409
895 811
991 324
249 39
499 896
344 781
145 300
810 534
830 557
845 237
463 12
376 414
654 479
144 100
944 237
572 124
480 76
244 157
258 959
45 924
118 754
233 388
101 389
961 684
763 888
840 267
343 328
658 644
654 564
363 81
462 110
559 580
457 942
385 153
391 999
77 57
116 868
793 504
216 926
43 323
889 653
945 675
72 337
751 243
203 569
115 341
298 799
137 411
247 336
951 650
252 74
234 589
945 933
608 466
518 67
575 182
428 541
843 590
712 511
418 399
989 973
317 356
221 452
584 569
751 695
536 956
187 348
260 4
815 330
446 299
382 867
485 783
861 664
44 982
398 825
457 323
661 893
957 22
643 379
403 978
278 194
135 719
657 75
816 731
843 352
956 65
259 243
279 236
136 582
636 697
468 283
254 300
71 398
576 212
153 773
995 522
413 715
13 273
315 41
980 301
999 67
436 4
520 522
480 455
23 969
373 388
943 520
323 883
253 238
328 27
58 492
646 549
443 314
906 702
968 459
54 912
36 443
385 229
905 27
10 218
340 785
552 665
973 584
348 484
116 888
688 73
874 362
324 269
953 347
59 744
975 558
63 160
524 438
375 882
290 284
115 305
946 903
708 565
546 77
750 469
769 682
902 999
916 431
356 156
284 337
892 62
68 552
587 520
915 241
221 778
281 993
636 59
824 181
882 983
424 707
207 760
852 755
562 985
446 372
105 694
344 282
364 933
204 830
656 305
74 626
674 570
967 99
468 772
809 833
596 639
778 972
925 619
624 832
907 159
494 834
244 529
779 774
463 817
84 186
212 503
487 143
435 272
952 934
865 752
3 69
589 931
938 552
614 585
852 54
175 451
141 239
913 862
516 269
761 116
887 972
505 310
54 675
220 223
59 219
797 841
289 594
879 573
850 213
957 623
82 107
818 311
604 484
880 580
989 318
315 275
667 550
542 950
398 154
632 84
393 718
985 868
253 468
436 692
988 873
384 7
834 515
262 24
135 298
846 873
177 752
752 952
751 186
823 857
789 985
703 437
43 139
138 237
693 381
567 340
806 564
664 109
404 296
754 559
440 124
773 326
37 902
302 870
468 586
10 249
471 577
4 788
846 567
227 165
414 675
200 747
165 359
503 622
313 460
705 850
616 147
324 473
71 125
94 294
331 208
190 789
679 467
170 737
243 941
227 272
122 38
53 692
94 64
118 90
925 992
822 836
678 280
865 487
974 643
554 877
301 299
838 466
834 432
58 608
990 169
611 852
353 36
403 955
559 476
639 130
400 915
199 541
718 567
895 777
988 265
92 502
440 783
572 968
884 842
905 959
746 855
84 658
158 761
766 402
513 414
823 249
555 775
704 367
926 738
924 324
301 768
418 302
565 800
861 328
898 498
833 923
6 223
86 617
197 576
54 203
57 341
699 770
831 257
29 775
121 862
641 141
275 379
994 865
81 440
924 532
270 425
863 513
350 620
846 881
80 112
655 789
747 796
199 377
988 514
864 528
827 918
542 505
835 369
622 377
33 159
53 212
844 193
347 571
275 198
4 776
756 917
283 462
407 477
318 232
213 414
344 291
99 697
345 14
103 822
317 432
134 360
605 797
326 294
926 420
601 238
911 883
236 55
915 372
330 956
900 480
152 840
411 213
857 901
437 873
131 50
387 92
445 334
230 556
411 322
114 825
972 914
544 596
128 715
457 17
684 976
520 420
68 445
895 8
788 982
308 792
704 173
825 447
430 815
685 867
783 873
92 474
241 944
438 202
421 517
758 899
482 646
763 891
237 145
435 772
974 859
499 121
358 869
778 368
767 800
181 397
326 686
590 875
846 401
889 946
484 370
538 881
432 876
215 83
328 813
348 432
578 981
933 980
10 25
193 641
238 419
449 255
337 818
179 296
669 31
473 274
146 728
953 24
367 874
833 562
66 387
284 334
213 336
584 348
507 127
18 286
130 868
241 175
350 987
260 487
63 498
69 881
507 236
768 306
687 399
493 977
703 162
161 735
40 536
473 124
563 484
711 228
436 454
455 426
592 372
969 238
8 197
299 582
311 619
956 892
44 870
464 918
50 467
186 128
87 812
457 467
666 697
779 874
386 478
128 895
654 158
658 805
346 682
571 524
164 174
226 355
135 607
709 374
639 245
131 972
831 935
425 559
528 328
656 157
782 621
327 12
699 273
349 408
889 131
407 760
255 149
918 236
506 689
978 443
482 682
637 726
999 467
837 500
186 166
884 49
449 414
391 949
33 569
401 957
613 430
6 788
279 768
393 721
432 185
935 387
512 312
523 152
508 82
937 846
898 732
663 860
924 604
581 563
820 925
198 857
792 246
939 121
513 684
207 507
346 919
359 963
208 555
133 83
265 427
489 901
707 776
717 789
954 569
364 358
952 218
540 929
725 491
881 229
296 301
226 946
110 344
456 979
791 833
117 268
799 714
986 539
127 231
255 434
455 684
663 139
467 162
985 901
439 344
45 705
980 108
429 162
412 912
16 457
698 669
610 481
166 643
117 223
600 183
516 413
24 627
991 957
261 778
499 275
887 892
488 512
275 930
17 228
481 476
504 345
732 65
660 422
877 471
301 940
12 417
766 160
90 897
253 467
254 916
741 491
367 95
189 843
410 804
124 352
256 194
494 86
756 365
224 694
285 73
567 343
988 648
591 605
404 297
243 451
560 399
444 154
449 320
357 375
161 52
402 950
898 851
226 530
595 647
213 264
232 935
479 53
564 237
912 774
161 278
518 298
332 281
78 717
907 993
765 557
17 311
683 774
42 130
777 461
467 499
736 952
199 984
844 275
131 328
423 656
492 433
717 748
153 561
481 396
120 572
635 367
726 666
179 197
499 544
447 768
417 853
110 970
519 940
540 329
724 30
637 971
365 814
491 853
10 607
945 360
31 231
412 875
452 840
914 677
809 393
314 809
794 127
957 513
709 96
680 378
292 864
974 892
756 580
499 412
651 299
194 690
871 204
763 975
508 470
219 877
794 273
153 399
689 77
7 596
276 67
613 486
405 801
634 963
826 17
612 546
388 532
10 98
564 653
195 34
731 148
950 438
441 102
8 543
850 762
553 546
360 114
470 235
972 809
501 719
86 955
282 158
509 544
20 285
726 226
150 936
427 373
195 721
489 972
123 27
165 393
397 742
109 28
716 4
900 195
332 317
63 685
407 333
818 628
138 706
200 768
401 124
847 963
886 879
999 516
140 479
69 591
600 968
238 546
832 471
725 20
672 384
47 120
28 347
666 882
454 421
809 186
403 809
710 234
936 51
168 221
813 755
495 569
429 234
231 34
624 198
885 225
443 50
891 53
390 735
961 561
675 383
782 513
236 523
609 231
93 910
442 134
893 679
650 562
957 135
552 287
72 230
733 207
127 576
702 870
684 277
99 783
975 310
978 246
662 324
655 692
492 806
972 536
612 182
152 45
944 57
256 341
46 585
858 467
725 801
559 789
512 460
586 725
536 450
754 298
349 562
337 817
247 338
929 149
475 687
556 908
560 758
527 317
911 146
120 294
678 699
460 136
405 761
925 498
587 767
351 793
240 482
347 518
929 612
856 748
69 769
105 728
40 537
132 73
868 371
100 965
303 160
86 272
877 251
291 744
57 526
888 812
960 713
286 102
86 387
783 283
465 75
718 944
832 307
45 570
411 176
285 663
188 70
965 650
306 57
739 341
80 854
154 453
977 477
692 581
18 532
661 133
633 939
562 89
693 897
433 11
19 898
426 852
444 397
874 342
568 937
171 505
130 156
45 15
301 165
110 591
172 406
194 762
845 953
21 87
390 814
634 904
102 930
837 277
343 76
769 29
992 322
279 880
550 285
422 692
8 584
225 710
389 437
416 509
274 235
66 373
105 265
199 435
4 675
612 472
582 711
794 781
561 526
950 664
293 651
705 731
78 583
227 139
144 693
56 33
312 907
830 77
582 792
652 853
14 158
786 143
525 830
868 279
924 1
472 64
991 107
615 819
784 429
715 29
22 903
810 521
481 359
753 819
221 381
983 417
911 584
148 712
600 9
781 76
468 313
35 374
550 651
61 460
171 886
260 380
282 389
12 30
435 673
987 633
579 919
701 759
461 882
922 196
590 422
884 22
352 175
375 669
980 545
663 556
480 707
353 587
621 822
324 476
277 630
920 251
833 814
444 981
67 114
214 487
142 576
920 106
685 854
66 294
138 235
621 600
534 772
472 625
977 152
47 690
466 671
356 463
734 792
950 757
318 99
233 585
497 460
11 879
977 954
88 735
605 902
734 570
523 579
672 135
912 662
179 441
57 981
222 505
846 727
631 71
264 153
504 766
449 131
682 435
922 578
578 224
984 183
878 599
610 817
402 394
745 974
891 728
430 452
914 369
473 551
918 361
153 929
226 185
652 445
871 267
429 884
303 815
383 509
938 993
705 269
745 744
448 786
456 317
524 982
317 560
28 645
969 97
457 853
39 737
166 831
723 78
816 412
324 131
689 266
611 645
867 751
138 331
392 754
944 399
647 171
537 48
99 145
23 721
998 161
638 904
620 755
197 590
219 10
186 433
431 744
6 108
135 264
289 952
916 3
132 530
849 32
868 772
150 847
65 593
686 621
525 785
584 467
911 264
933 704
881 663
219 296
826 368
574 754
225 895
621 717
623 131
178 690
711 476
289 267
933 546
185 330
759 496
869 656
776 213
696 954
261 397
501 401
662 449
269 299
830 515
187 942
175 65
647 855
706 305
264 260
781 289
819 210
979 703
74 423
240 899
592 424
798 129
614 821
73 401
134 953
13 8
221 421
593 786
741 683
878 845
279 314
152 84
642 506
165 703
370 643
131 867
44 448
961 560
965 88
162 663
310 263
93 909
455 810
295 593
757 422
408 267
192 482
966 690
179 668
842 356
220 48
332 730
24 731
576 280
334 56
814 774
837 431
968 466
197 768
699 66
189 912
461 907
364 281
219 249
538 895
137 702
594 698
508 108
890 993
817 413
980 831
969 311
513 932
396 792
533 425
664 56
65 573
160 983
930 199
753 488
39 97
167 44
975 885
216 558
68 567
971 398
350 985
257 911
500 342
742 563
599 158
488 322
752 575
697 402
237 57
644 399
347 537
534 815
973 453
942 876
797 183
375 431
356 914
180 175
97 735
955 951
155 507
156 80
839 429
810 181
298 481
316 721
948 347
966 565
274 374
574 181
944 862
136 363
304 765
636 982
947 101
765 822
516 246
574 260
154 339
606 117
662 699
574 407
888 634
230 345
823 492
204 481
183 845
511 320
991 714
336 799
271 107
728 978
126 361
868 72
366 728
793 858
520 958
592 960
100 210
894 146
110 733
718 412
184 947
814 947
563 753
698 840
132 918
775 459
323 773
607 809
298 589
840 8
533 235
147 416
789 81
572 583
341 243
533 360
814 764
48 491
118 559
897 240
974 454
688 219
962 406
506 522
324 671
287 533
570 211
419 741
367 795
526 702
368 630
459 257
351 375
885 971
440 210
42 394
579 161
104 223
381 685
492 553
976 403
373 749
748 943
565 239
472 210
5 312
333 923
230 825
835 617
517 413
193 185
670 693
485 945
696 336
861 618
55 76
60 207
654 201
602 646
334 517
721 398
65 272
567 553
217 461
439 346
609 397
10 726
672 663
726 606
878 229
92 382
308 803
528 438
801 998
948 883
75 761
997 574
192 443
452 997
42 889
918 142
358 507
908 273
931 17
951 182
296 536
414 95
873 258
927 229
676 827
483 743
909 683
831 494
100 356
67 117
30 11
841 606
842 737
437 11
299 38
211 675
855 101
983 16
842 880
993 740
965 502
526 666
963 988
910 514
859 159
385 642
815 696
946 825
485 529
802 309
806 277
19 69
170 59
99 403
462 771
605 901
34 538
916 684
810 250
756 850
226 997
655 502
344 104
640 597
476 637
296 267
890 191
965 559
985 225
400 345
93 484
956 806
259 46
891 731
531 410
623 768
630 36
410 49
545 714
644 810
592 89
970 952
476 161
996 542
102 303
763 739
656 231
984 48
419 3
183 42
629 22
634 380
582 244
841 62
749 680
154 752
205 703
996 670
291 904
945 72
447 85
68 137
250 756
234 145
695 60
736 179
755 849
257 78
24 367
850 71
137 560
157 429
214 550
197 956
626 542
399 400
827 477
774 324
584 246
362 652
186 446
3 796
371 886
102 762
358 592
994 892
646 925
86 846
693 350
507 487
968 883
589 93
437 400
901 353
464 466
553 948
21 683
976 61
678 564
375 85
180 37
878 52
298 232
872 141
857 383
895 659
125 767
143 448
717 987
65 156
502 971
529 376
753 15
554 72
347 730
464 490
190 820
583 967
442 721
540 26
668 71
743 573
782 971
116 674
425 550
44 780
597 968
486 697
822 807
252 827
496 365
533 363
633 909
482 931
837 251
692 530
258 496
188 881
838 223
404 841
617 530
980 388
658 553
405 97
944 477
563 786
37 854
646 716
584 131
769 55
788 277
66 13
17 122
338 332
367 145
759 915
707 236
673 844
67 77
638 820
883 970
437 67
632 365
445 600
816 852
727 102
820 900
52 302
334 443
534 74
973 226
831 4
295 615
531 824
648 847
919 673
273 643
747 906
911 13
270 191
185 357
298 204
783 71
417 573
166 79
5 451
924 63
564 86
892 363
52 866
400 387
588 108
950 847
647 606
458 153
494 571
529 346
322 504
184 393
900 455
839 685
23 400
743 545
778 935
49 573
50 462
566 782
610 246
973 776
80 697
870 684
942 297
140 291
131 928
604 665
705 347
225 371
844 906
888 746
117 248
746 648
344 924
466 265
803 208
72 806
127 768
202 681
131 751
285 591
300 206
27 526
727 593
693 673
289 571
642 225
382 470
664 601
171 699
42 566
836 191
196 30
988 18
506 67
119 705
926 328
30 157
432 188
73 702
821 904
280 64
379 410
286 946
673 850
883 26
42 710
479 943
225 708
600 824
94 754
30 462
637 775
170 762
704 901
906 321
105 408
164 811
230 954
388 147
743 897
246 763
270 155
61 62
815 389
816 557
247 199
950 952
256 724
248 890
122 159
194 352
530 134
347 770
810 150
479 257
942 619
339 658
913 167
880 478
623 638
511 944
528 530
903 772
28 366
766 958
434 21
252 780
74 508
3 56
409 467
912 360
197 425
640 896
222 863
971 708
563 897
691 244
140 86
454 104
145 744
18 630
166 646
699 821
272 245
538 240
172 342
27 637
858 853
984 648
694 503
534 108
367 277
719 32
867 757
262 355
420 245
999 496
287 948
861 463
989 314
148 270
24 276
564 637
653 451
766 84
333 135
600 758
616 612
56 532
495 407
405 891
746 307
837 664
90 831
327 574
38 567
149 390
354 760
81 80
375 850
574 562
39 91
243 452
371 699
495 335
143 201
761 924
302 874
123 155
431 322
553 1000
146 430
517 845
848 28
688 437
958 406
994 669
575 424
78 720
583 845
661 735
385 988
596 552
703 372
448 424
658 55
43 617
991 478
80 754
239 830
40 128
829 128
457 217
943 136
505 500
606 50
115 629
964 881
353 56
706 636
339 125
36 59
399 95
776 626
343 562
867 640
852 308
984 612
220 46
404 805
188 588
941 10
272 511
314 22
685 5
589 773
471 578
107 565
628 388
715 818
183 376
521 665
776 910
105 20
604 234
72 427
784 596
131 681
870 365
251 671
254 518
972 725
284 759
105 310
215 937
716 722
757 474
693 206
569 464
73 801
772 723
845 387
973 334
811 127
234 884
129 736
890 399
212 631
472 796
74 624
479 443
438 130
469 241
232 528
445 104
715 86
440 920
378 940
848 580
249 185
1 710
311 289
386 920
157 987
563 72
90 639
54 589
274 581
370 814
331 572
975 255
5 819
253 995
432 292
984 721
331 213
439 163
831 877
659 980
508 390
879 625
220 50
166 936
175 842
968 468
290 160
491 737
703 564
906 790
138 508
505 957
453 549
737 378
189 799
57 546
512 336
181 171
556 105
557 192
431 951
535 319
751 254
536 453
494 13
650 117
46 814
394 311
695 455
557 482
299 510
411 728
748 679
87 375
329 887
420 666
646 152
722 562
924 794
462 969
375 56
503 231
506 313
90 440
695 741
557 644
869 690
906 396
765 609
568 163
218 484
423 631
209 687
122 888
611 468
618 421
78 955
173 753
799 845
491 466
457 326
202 221
919 356
26 501
870 722
763 366
156 880
402 464
723 972
598 412
946 149
451 753
567 711
643 143
790 354
61 318
300 538
429 186
558 280
365 872
425 531
444 281
905 793
598 638
68 413
982 793
845 707
511 467
885 194
244 254
228 731
743 389
898 229
611 165
49 73
104 615
949 583
146 884
21 84
707 941
929 507
180 555
474 264
573 760
603 772
963 196
581 797
108 821
719 428
966 969
344 848
932 585
121 84
764 832
500 587
466 551
638 849
416 496
453 824
533 459
238 67
820 698
314 403
78 424
603 27
181 929
312 176
351 369
6 340
997 271
963 883
604 615
995 290
264 898
835 333
503 203
584 715
532 363
471 553
331 90
787 302
70 581
507 893
604 645
645 69
740 325
868 274
446 712
217 128
593 557
613 546
504 596
715 30
164 488
916 863
741 155
614 864
620 401
235 949
37 247
297 282
65 278
982 603
770 843
933 397
183 802
679 665
223 779
331 33
154 36
390 540
49 314
148 698
130 93
168 152
166 647
45 846
966 478
55 149
202 379
735 535
149 848
583 473
90 760
788 633
185 548
410 211
116 20
851 219
284 808
704 185
879 681
496 882
480 343
232 408
908 257
656 298
148 254
298 559
405 777
798 336
414 89
590 982
495 406
917 256
337 92
432 694
881 543
823 852
629 741
977 12
976 478
176 301
842 894
510 704
42 330
299 425
122 764
600 900
397 540
949 31
831 95
164 678
105 635
806 381
252 322
413 545
503 175
964 579
198 603
6 953
757 760
385 930
479 70
496 717
375 401
786 238
400 445
8 394
369 792
961 484
796 59
123 361
161 628
622 976
327 163
795 245
448 472
526 71
620 358
820 288
514 663
181 662
239 968
294 699
351 958
979 385
373 914
445 293
877 482
244 993
429 881
434 905
880 217
878 948
407 862
257 107
857 767
72 897
219 722
109 666
112 386
277 318
760 494
802 751
31 227
716 513
550 517
872 887
64 340
31 112
288 940
154 845
395 109
548 189
181 519
37 688
229 408
214 548
950 104
208 397
650 380
690 668
814 715
564 794
286 96
513 44
920 218
115 462
133 723
4 576
618 194
972 805
241 309
441 987
172 925
708 895
802 484
459 203
315 879
299 290
964 528
623 253
268 682
705 640
602 56
839 309
821 218
679 140
663 622
834 87
914 31
226 3
956 742
792 639
355 249
891 923
359 673
277 670
943 73
964 980
252 966
882 589
723 563
887 764
356 868
805 57
734 81
677 136
193 385
552 216
249 922
747 119
178 422
162 547
14 512
435 48
735 734
213 145
26 82
944 753
592 776
348 73
315 112
923 625
504 439
234 96
605 111
219 988
8 806
974 860
666 149
825 556
148 199
738 547
614 86
357 247
674 283
250 889
95 425
577 442
607 980
337 932
554 980
449 738
458 880
637 226
498 104
90 103
937 742
117 846
82 515
677 889
816 845
470 122
843 764
578 355
143 433
901 101
226 841
32 498
844 113
460 362
243 842
563 901
378 239
89 112
87 709
608 495
517 422
388 366
49 930
726 996
770 578
787 864
844 343
459 819
370 531
636 977
342 620
540 438
867 287
193 508
767 318
862 6
168 46
520 835
639 240
31 813
439 480
386 236
841 154
808 617
920 869
192 338
391 146
231 979
125 332
552 466
515 230
936 817
710 775
948 952
571 207
132 913
849 417
46 655
931 199
366 776
219 169
861 282
118 419
741 740
997 842
798 373
253 458
163 830
419 392
409 610
86 682
547 900
161 193
137 829
544 910
889 691
160 903
293 374
949 137
676 631
118 562
702 499
777 792
688 173
321 436
34 787
551 218
778 434
742 579
322 22
725 693
990 601
973 277
388 157
743 899
982 45
583 673
626 123
773 14
636 160
674 965
568 64
142 87
38 36
41 320
186 795
485 813
19 377
662 411
226 79
840 943
268 462
880 464
238 734
900 421
369 605
45 538
421 884
9 540
728 164
32 875
918 321
957 421
286 687
567 554
809 246
295 462
853 741
529 247
782 675
886 983
439 452
685 492
151 304
634 500
533 584
1 303
149 863
978 265
45 990
232 763
509 27
712 677
713 76
770 29
111 685
205 664
336 585
151 481
963 500
717 940
145 921
24 278
779 422
85 947
637 358
824 829
110 478
590 932
803 445
147 449
112 946
581 752
197 743
716 601
275 357
831 376
851 534
428 445
690 936
802 110
380 70
876 963
238 92
220 575
280 380
742 924
158 381
859 144
466 9
951 213
169 580
685 628
156 326
593 477
61 735
372 896
329 671
413 235
648 773
96 962
541 198
355 79
928 245
127 467
109 196
184 357
99 114
688 661
212 307
958 628
126 665
561 756
259 386
633 555
939 548
464 964
529 288
92 904
292 346
563 142
71 302
700 318
829 158
170 525
121 89
639 315
306 253
897 550
71 447
917 555
59 287
810 573
979 222
743 329
801 790
72 898
855 499
743 222
893 557
162 655
914 670
130 209
561 339
943 601
128 20
953 729
236 947
367 299
115 770
590 68
546 600
515 335
37 703
371 922
243 102
763 471
176 29
917 80
901 571
918 907
208 398
922 454
281 502
241 336
30 219
860 158
788 483
566 950
86 722
214 263
531 579
129 939
812 424
427 74
910 549
416 313
53 60
483 371
386 324
180 433
110 54
864 534
75 314
556 963
691 596
929 863
179 360
697 491
754 204
402 891
226 789
190 936
874 921
217 706
825 399
661 753
830 152
178 928
27 221
748 769
75 233
114 593
170 719
189 97
654 21
86 491
992 674
49 615
785 43
681 106
974 737
830 581
743 284
391 395
874 605
800 424
657 497
16 391
62 832
957 350
796 988
451 565
527 604
680 204
37 625
187 76
776 767
163 491
907 568
763 881
68 345
732 224
110 692
491 594
55 77
96 2
672 815
489 53
327 845
988 9
39 414
202 914
974 204
885 447
346 377
627 232
99 899
339 566
466 942
747 579
362 751
591 498
171 399
623 257
820 528
345 432
437 64
315 940
355 715
872 447
85 574
967 560
517 993
714 482
959 92
32 277
971 386
761 858
743 926
527 425
431 260
198 529
768 264
754 97
80 368
192 602
815 482
981 982
428 826
618 152
843 989
271 284
369 854
834 184
174 585
520 407
334 787
796 124
9 662
122 233
784 540
503 436
108 452
58 849
108 91
994 20
960 492
210 519
567 705
70 27
795 474
300 532
600 50
448 815
966 97
846 334
418 587
934 515
207 71
429 201
931 795
842 162
845 705
827 858
111 802
614 390
372 209
887 918
656 34
750 838
269 753
523 889
71 677
407 615
625 796
129 471
791 477
291 115
432 32
676 771
56 652
571 63
920 373
850 10
486 454
533 247
242 858
958 636
394 247
272 743
699 832
774 146
769 220
263 411
67 42
674 285
493 252
415 370
688 174
66 334
618 675
432 620
470 20
436 108
366 485
393 733
868 943
564 352
346 913
60 647
706 177
505 865
517 231
995 181
354 279
463 619
264 19
319 759
530 370
640 734
458 957
477 603
973 630
167 387
155 10
723 652
333 872
174 724
636 903
305 603
144 718
260 797
809 987
166 328
188 496
995 992
366 199
246 186
853 386
155 973
865 476
648 422
939 729
154 435
890 121
984 510
987 801
914 409
809 245
748 224
780 306
999 190
749 595
435 567
32 697
216 812
864 370
519 612
296 766
248 23
505 680
513 395
474 601
21 148
307 257
776 695
660 145
728 656
893 874
159 250
704 393
580 372
301 789
367 500
465 20
798 342
341 649
620 644
270 655
4 506
759 935
850 897
232 184
324 360
660 130
761 431
440 293
242 977
632 858
775 211
835 124
780 555
929 231
252 26
968 859
492 521
149 500
503 669
246 568
122 762
837 935
806 446
481 393
590 353
264 977
998 762
584 666
413 336
933 521
221 871
664 274
683 94
815 565
981 797
217 745
427 136
646 497
897 543
522 803
47 277
179 444
967 175
880 287
825 370
865 685
560 436
830 253
616 297
815 267
566 683
237 287
66 421
406 340
298 421
355 300
800 175
675 781
30 884
535 265
517 270
153 571
433 196
193 266
303 837
587 198
871 262
88 143
387 688
572 225
296 956
831 916
795 386
107 490
906 374
398 645
572 80
184 785
331 738
701 819
904 522
178 275
331 883
903 297
908 449
819 550
126 52
239 511
47 575
520 713
617 715
980 467
823 103
149 84
78 42
831 552
84 639
512 728
713 329
954 101
295 287
741 315
674 356
840 68
898 636
613 369
238 846
651 924
472 675
347 229
442 237
817 453
86 834
927 904
553 815
328 534
475 857
850 647
873 830
985 660
55 843
755 318
591 684
705 533
791 349
561 585
764 48
655 131
381 736
312 985
898 928
505 587
649 510
282 753
797 174
104 283
655 48
986 148
41 270
69 696
160 396
843 897
881 214
481 704
192 997
946 394
305 530
69 585
549 895
40 833
888 901
601 784
725 30
183 141
249 190
912 292
477 796
809 188
168 52
574 508
80 268
879 815
58 527
150 87
836 530
585 790
744 803
284 868
809 350
652 188
232 677
652 489
106 426
154 828
214 868
361 464
677 337
845 574
242 597
738 538
89 871
676 1000
971 1000
715 834
871 895
286 51
711 340
49 905
295 420
794 750
387 844
137 673
708 40
876 870
725 811
135 363
836 500
324 672
16 753
206 644
233 746
486 635
878 250
898 866
316 743
613 119
807 644
696 893
536 230
20 319
652 984
797 1
446 497
29 183
864 674
169 812
460 277
670 416
854 77
892 240
839 283
159 933
271 287
113 255
428 381
812 977
407 367
523 654
468 798
35 772
809 877
866 262
244 662
812 864
834 296
925 671
819 132
506 137
52 797
92 962
644 57
986 601
259 477
80 558
193 321
356 651
507 545
625 326
143 631
772 810
580 974
373 72
486 416
597 38
838 386
785 22
144 154
587 142
572 314
253 427
170 962
1000 944
732 560
405 318
233 479
970 4
37 387
376 49
504 102
452 910
995 848
420 364
663 288
225 284
427 696
45 9
562 181
362 498
875 838
219 826
400 752
932 662
510 382
883 192
295 342
335 510
431 886
358 306
237 579
647 18
630 11
727 288
214 477
495 492
392 493
584 385
747 703
733 608
368 540
510 683
114 240
918 658
134 141
466 693
659 286
848 421
668 592
579 23
273 696
402 988
954 593
601 924
957 303
623 311
381 680
94 419
668 374
887 98
9 983
427 448
912 672
160 69
469 197
199 92
77 512
575 257
833 162
725 500
375 319
359 666
212 218
325 518
473 819
729 432
888 846
795 234
479 269
373 778
283 62
710 507
639 547
731 956
781 356
508 918
786 314
623 747
600 96
836 731
339 101
508 884
932 246
164 88
477 143
650 771
67 943
374 569
572 60
97 388
7 275
942 154
81 708
396 266
474 550
609 33
383 650
738 391
991 790
798 437
746 906
307 973
841 918
948 926
153 436
779 472
690 757
867 939
777 202
438 471
367 503
258 585
833 951
689 427
475 515
840 41
806 834
601 910
634 793
765 113
713 398
8 302
627 80
609 749
169 680
243 347
523 189
223 394
115 277
787 933
358 907
949 28
989 875
280 493
445 781
289 621
48 633
801 29
727 698
632 647
281 965
393 319
527 480
269 432
971 218
493 914
77 595
649 82
3 989
711 276
74 683
545 882
13 828
550 237
957 229
942 651
699 149
325 907
342 571
331 310
781 606
83 697
128 871
491 573
588 662
538 399
520 142
919 30
888 584
583 141
179 891
398 539
594 614
266 816
178 385
141 267
588 628
277 315
705 432
529 866
219 580
736 362
33 349
365 958
520 635
71 89
175 717
349 330
315 454
979 943
926 746
728 621
966 731
24 372
405 185
922 341
742 114
943 697
106 464
950 111
860 991
920 174
333 167
779 85
998 347
546 312
270 742
870 49
807 387
76 399
354 809
9 450
85 695
655 639
141 945
172 777
103 739
615 269
590 211
668 617
744 159
817 597
802 483
285 320
255 985
186 524
668 408
741 254
108 272
199 262
271 149
661 541
95 945
85 235
923 479
114 365
960 629
703 263
173 888
680 596
697 346
945 863
568 489
620 325
431 166
89 315
571 651
312 534
154 377
430 490
648 913
876 110
179 806
402 594
442 572
425 682
728 13
399 910
491 153
843 460
166 627
940 610
135 896
417 763
438 851
500 8
174 201
783 881
399 684
37 639
594 876
888 433
962 968
139 163
323 670
965 211
787 512
805 634
594 255
604 244
433 641
585 448
732 145
290 188
145 871
55 508
628 34
59 634
922 425
262 190
727 430
570 487
493 500
383 928
223 671
978 128
484 201
858 474
549 123
76 435
828 898
418 972
725 810
279 986
191 872
785 945
158 213
707 96
181 68
497 172
664 83
941 959
638 539
217 797
855 26
388 164
29 182
418 755
742 644
998 786
322 211
674 956
605 968
531 29
517 18
616 211
601 161
806 48
433 576
506 150
587 419
628 829
455 307
950 184
463 804
763 354
526 2
602 684
325 835
827 513
619 867
326 183
570 628
169 376
351 512
433 179
3 225
576 45
481 175
139 481
124 801
162 578
932 34
451 538
663 434
97 127
771 136
337 424
123 873
749 911
54 847
295 627
645 852
280 824
474 985
817 701
36 96
750 823
344 703
642 250
855 861
629 890
757 309
262 267
159 145
16 929
715 865
537 65
367 466
977 378
390 111
604 63
528 266
958 610
264 586
669 62
752 917
256 254
533 910
945 570
493 250
3 1000
885 804
501 799
891 427
660 974
241 242
288 881
940 462
74 568
322 21
787 453
334 403
882 125
510 906
830 485
463 708
47 901
428 649
530 481
913 495
252 325
34 752
200 760
772 294
847 866
26 640
913 376
350 217
189 197
136 47
856 382
854 847
381 905
790 689
338 656
139 833
356 729
397 9
351 838
616 493
778 836
926 837
36 814
308 523
900 311
904 818
174 948
321 640
486 890
767 479
714 169
148 727
679 661
222 832
886 507
135 955
515 41
933 282
681 305
311 154
576 9
761 3
580 705
533 837
35 204
935 865
257 858
439 118
136 42
358 98
414 272
839 753
477 336
723 40
873 379
175 665
328 32
609 401
148 267
332 536
386 384
405 164
262 247
234 310
417 382
475 32
556 271
723 262
780 866
766 496
266 77
953 269
827 292
648 716
266 431
195 479
12 703
378 75
833 577
266 318
242 177
47 552
307 983
159 862
916 315
220 856
544 762
639 787
454 720
165 366
186 843
98 90
655 79
877 43
146 77
610 998
133 337
27 242
70 820
938 754
579 590
681 300
625 188
432 868
26 297
500 480
9 573
676 419
587 248
511 32
24 778
763 267
1 699
193 441
1000 823
639 292
398 536
22 132
831 918
778 158
740 953
20 107
136 519
269 84
149 783
761 31
413 650
418 736
382 49
258 409
687 496
581 157
763 854
283 357
724 875
600 441
672 774
758 2
987 459
936 923
99 795
135 99
447 349
968 12
257 497
885 585
556 130
336 485
246 888
119 490
765 20
983 93
208 309
474 127
152 503
462 724
711 695
716 719
642 742
627 476
294 317
976 164
423 155
872 469
393 92
394 495
651 776
532 201
842 993
493 83
475 712
459 207
80 248
28 471
247 100
643 845
950 603
652 901
79 970
584 918
623 479
237 368
456 84
44 996
122 208
89 393
36 640
411 761
702 421
27 79
100 527
36 7
490 687
348 513
923 9
691 21
50 439
303 859
145 393
188 41
939 803
600 89
912 181
400 89
532 937
536 300
540 421
706 605
232 792
983 735
782 670
568 550
282 452
102 205
123 141
126 199
188 871
400 775
719 118
525 281
304 227
125 277
452 59
804 208
3 256
261 731
153 450
84 558
882 51
287 907
589 567
167 737
225 464
353 539
163 774
539 703
102 254
543 556
142 66
381 350
642 936
916 191
385 433
480 625
686 545
465 227
168 430
233 863
966 881
427 429
424 804
167 84
560 496
587 905
659 260
61 546
668 590
686 771
817 624
69 983
198 616
973 365
688 483
553 527
981 866
363 599
697 411
60 621
332 458
26 685
652 936
293 680
778 764
542 365
907 976
930 531
678 925
146 2
990 643
538 99
83 933
134 739
247 878
394 884
990 786
758 286
939 464
486 637
565 438
312 580
900 461
65 412
156 845
618 987
775 873
643 357
244 950
45 579
501 1
167 519
218 805
438 530
790 359
604 666
874 444
529 15
639 252
452 746
491 537
774 811
582 20
196 727
269 669
127 462
278 917
524 917
470 653
715 792
865 113
131 725
885 382
888 462
482 70
956 744
664 607
718 278
441 490
114 711
504 326
489 22
703 365
451 183
267 243
258 530
890 925
121 527
11 246
757 461
256 849
638 858
191 118
104 40
33 124
967 529
517 962
419 891
773 360
460 85
529 747
947 541
251 952
18 379
327 263
424 574
402 291
651 533
694 661
937 938
312 915
424 717
332 494
527 63
655 106
165 218
168 669
905 275
959 928
122 61
947 936
485 103
540 123
479 271
28 245
140 415
143 548
482 144
13 248
986 736
794 730
459 672
334 524
448 159
749 703
678 325
408 573
575 967
961 983
451 609
268 25
306 164
895 122
608 556
405 934
672 307
642 445
111 568
37 421
495 985
6 572
121 268
799 241
165 272
417 531
608 778
898 194
719 46
222 754
360 287
920 293
188 533
780 881
675 29
788 356
183 274
132 768
314 239
388 682
405 788
172 1
465 9
836 40
788 459
900 261
168 872
902 439
320 927
983 184
958 905
72 260
204 257
793 484
707 170
34 966
399 200
55 634
441 962
907 685
266 319
30 300
233 672
475 751
833 497
569 47
469 554
742 754
216 412
397 761
790 880
94 413
385 933
649 80
192 645
18 1
971 173
934 51
369 787
778 519
854 250
469 328
806 121
477 813
773 768
633 559
559 497
302 296
529 292
895 939
17 72
291 569
572 414
330 17
779 860
869 824
69 372
553 63
495 686
496 376
903 759
508 811
538 339
843 290
232 829
225 84
785 365
257 820
406 131
903 405
746 522
340 671
748 364
560 570
338 72
84 676
948 973
723 248
951 62
565 32
187 149
794 503
392 875
527 665
50 935
287 918
846 387
993 861
958 729
158 897
931 131
522 428
499 133
301 903
450 451
694 102
823 774
720 493
77 160
85 693
315 71
824 571
593 130
547 817
522 142
51 746
713 569
381 411
399 44
129 984
260 358
262 796
470 83
553 957
327 318
863 664
441 847
958 228
203 157
178 682
214 84
416 27
15 109
40 663
848 214
868 241
482 276
834 33
560 960
569 180
734 542
865 861
661 652
192 737
639 647
255 654
754 347
347 723
568 890
44 997
378 71
571 796
810 360
574 129
443 641
947 17
910 135
921 928
326 62
956 961
149 985
982 533
917 986
829 190
922 832
248 261
601 263
54 583
843 462
295 875
25 323
923 342
449 956
451 569
126 373
19 881
134 732
955 132
82 150
905 961
746 945
12 173
340 546
481 679
439 814
832 650
49 176
16 839
519 335
812 219
558 275
281 293
671 16
512 679
805 751
43 303
984 948
742 239
323 79
93 585
51 857
254 548
555 281
665 745
209 229
1000 248
512 116
56 816
897 398
21 766
320 741
229 891
730 944
82 186
950 693
630 665
388 166
669 83
859 333
308 509
772 332
705 871
725 364
285 987
881 102
496 196
665 805
80 259
853 136
700 484
380 884
551 369
134 883
31 733
472 28
882 466
648 63
580 954
961 168
179 151
986 525
715 505
818 962
455 595
974 705
631 730
210 658
691 225
396 3
453 62
182 532
112 368
538 372
477 168
11 732
177 180
664 642
719 164
245 131
528 465
505 656
918 330
608 879
836 90
447 45
747 372
366 962
187 221
64 512
306 709
769 251
110 455
162 207
500 691
447 404
336 287
228 773
559 835
949 867
200 318
642 909
57 411
426 288
815 846
447 74
964 288
217 605
732 260
613 7
358 994
713 753
868 48
254 723
845 500
973 191
77 842
191 198
753 285
517 850
480 907
132 240
17 957
883 838
489 883
53 274
934 389
477 550
756 983
80 336
427 453
302 563
677 493
713 956
826 645
757 671
441 609
892 826
569 236
786 23
645 208
429 131
502 165
30 796
934 246
832 360
724 532
981 185
69 415
630 208
174 954
212 105
412 635
516 263
130 420
829 230
870 978
62 751
249 996
50 207
359 91
382 918
787 718
373 331
412 793
572 63
776 556
45 985
90 706
236 580
704 286
53 227
484 478
139 237
766 460
569 912
343 261
311 381
385 173
244 510
742 85
263 68
193 904
712 904
175 776
21 114
615 302
33 332
177 30
748 570
243 175
747 918
928 735
690 978
551 919
980 324
668 657
299 30
263 507
357 492
858 259
127 790
451 430
224 575
461 318
962 357
46 872
33 31
860 580
897 502
773 331
425 469
843 699
631 312
411 823
468 716
991 178
809 648
421 242
151 969
549 758
938 959
556 514
705 984
762 795
321 983
609 39
435 91
218 585
43 622
565 493
950 984
697 541
610 198
499 957
434 48
878 975
114 776
80 888
583 142
995 225
805 144
455 539
314 733
649 636
179 393
395 820
100 987
396 459
205 597
410 479
779 650
706 998
176 677
843 926
547 438
527 756
400 797
97 421
760 355
283 968
179 651
382 390
594 790
922 289
210 15
99 797
704 489
158 902
270 764
306 653
491 651
763 199
833 912
989 569
298 668
855 400
517 615
789 770
831 155
427 65
925 194
376 663
802 399
351 294
493 682
303 432
380 325
265 489
38 480
360 937
43 684
104 430
930 636
700 522
419 115
222 450
265 715
840 925
485 864
307 64
9 718
670 757
912 393
425 960
648 403
705 198
135 735
118 957
178 126
287 416
690 726
917 985
369 745
758 77
839 772
953 941
148 649
594 585
150 70
945 305
788 985
475 430
257 791
701 852
868 199
23 840
671 876
303 552
896 586
789 497
261 840
617 84
36 292
758 521
121 436
908 368
124 621
401 974
167 739
69 327
335 921
225 171
965 498
90 988
390 17
312 445
534 760
936 663
519 108
178 608
219 414
310 971
593 237
845 675
551 812
910 551
627 442
264 462
648 533
995 446
704 945
617 368
156 276
363 696
881 315
238 136
21 622
616 56
744 13
910 292
243 509
554 498
384 518
77 647
260 121
192 607
816 569
782 226
17 356
693 162
904 172
284 265
650 858
577 430
255 685
130 524
298 470
523 787
156 984
178 768
562 666
213 778
913 76
363 149
843 143
114 961
438 872
524 546
959 765
417 954
805 199
968 963
581 416
939 111
33 879
301 505
586 89
658 570
291 191
645 704
846 996
563 821
637 634
885 28
552 472
585 16
453 480
127 665
132 889
742 430
283 801
983 944
489 20
751 468
333 650
613 467
931 346
968 594
280 72
134 103
462 368
51 775
474 386
259 818
851 512
157 143
394 323
185 328
402 822
898 723
556 987
975 931
358 995
324 535
825 14
989 771
479 181
892 295
531 860
342 221
455 204
845 324
901 50
212 583
195 659
237 20
790 874
756 976
635 129
228 297
13 899
86 219
403 331
886 818
193 7
60 156
599 411
910 34
490 963
386 646
973 706
341 112
136 417
212 404
947 987
730 457
606 316
682 340
39 977
100 705
598 320
936 471
294 737
331 620
562 480
139 433
446 783
966 70
334 17
957 641
575 854
979 185
920 223
675 336
16 83
367 385
275 830
37 419
75 752
595 393
262 456
724 227
546 735
650 757
73 407
97 265
102 26
909 960
241 710
672 255
594 194
704 398
776 779
154 995
429 347
840 222
935 721
385 221
849 272
613 503
171 300
985 104
375 516
765 156
324 436
834 201
16 543
989 468
556 153
349 949
618 327
694 11
141 905
494 93
800 538
284 747
473 294
441 368
418 353
627 141
336 26
124 89
87 327
180 475
398 278
400 577
294 359
243 637
890 512
32 338
103 985
643 850
717 861
652 924
299 332
726 213
73 698
911 77
824 93
728 505
537 235
181 721
645 162
648 154
722 791
326 483
579 930
946 483
29 413
272 694
752 350
678 42
402 83
100 534
268 330
148 912
998 362
745 948
545 592
106 614
326 99
383 22
830 595
245 81
448 253
913 933
897 568
843 292
16 130
226 318
254 400
679 779
832 898
634 274
763 762
802 742
857 625
577 626
63 731
870 217
547 262
585 95
676 98
804 191
55 103
706 429
41 685
742 487
598 923
802 968
841 950
146 804
241 738
862 540
594 166
153 404
542 926
154 967
970 251
99 356
37 778
884 227
499 135
910 781
586 597
823 768
671 634
284 600
78 322
713 430
81 436
321 453
105 318
54 481
313 169
725 628
854 344
273 747
219 339
972 947
539 752
61 652
834 908
372 883
946 722
584 699
526 699
350 890
454 669
714 729
990 682
313 500
646 470
740 437
303 744
49 814
764 275
330 849
278 465
406 666
171 803
126 703
365 457
847 581
278 320
728 243
161 922
532 767
844 697
648 404
399 980
907 705
84 6
156 667
52 548
974 747
192 175
581 459
793 665
130 109
97 230
49 379
881 272
487 425
788 986
770 189
59 174
831 772
943 906
583 403
338 198
715 539
241 940
383 761
390 357
767 839
793 102
723 485
245 617
528 149
16 953
491 729
24 340
902 339
500 857
817 169
15 542
638 494
346 323
310 174
439 974
405 842
209 57
764 941
693 487
396 899
541 360
299 200
707 215
889 664
410 867
881 728
620 874
423 43
483 260
321 417
67 197
927 619
698 353
77 932
5 135
116 702
68 569
859 222
381 558
539 732
407 388
726 162
858 26
684 762
18 165
274 59
916 766
905 107
307 129
865 895
539 506
332 340
260 9
812 974
583 781
540 960
118 252
819 139
51 53
843 49
459 808
394 659
870 714
299 963
653 816
532 659
476 429
496 307
407 953
18 39
856 51
543 885
785 9
696 412
880 137
53 865
817 53
904 745
154 456
690 134
464 638
14 628
951 301
329 102
427 869
367 722
987 761
533 573
296 776
687 452
659 907
14 918
201 141
883 425
905 995
750 827
970 526
827 62
556 400
462 87
102 974
508 273
181 501
275 624
280 986
337 223
559 988
958 755
46 513
984 834
309 337
113 624
636 385
974 93
854 567
67 387
452 335
115 399
480 528
7 895
689 364
564 584
479 807
138 782
63 36
474 165
720 213
151 705
6 332
851 865
29 229
378 441
485 483
17 549
513 696
38 893
437 753
386 613
127 566
761 745
407 281
669 934
372 986
156 31
933 621
741 158
587 357
537 109
157 949
80 481
298 312
541 364
373 968
284 251
13 787
786 21
41 474
674 410
653 707
549 818
819 34
862 203
221 705
322 534
169 446
995 998
317 238
502 298
881 415
979 346
201 863
697 993
58 593
244 772
63 876
196 679
253 562
60 134
176 699
175 583
54 140
239 624
409 11
762 411
836 998
909 878
234 16
987 626
288 920
770 20
332 645
617 721
712 827
749 768
745 309
3 27
725 783
146 848
736 16
812 157
980 667
215 190
93 330
483 638
689 319
459 505
77 10
647 386
688 241
636 287
600 797
730 852
103 762
474 22
646 62
78 396
671 409
160 809
823 626
481 867
725 704
471 264
964 548
659 174
407 831
701 424
42 231
999 647
854 142
388 844
382 671
436 275
882 895
151 824
977 593
9 177
528 945
72 608
216 189
87 650
847 608
611 866
339 697
856 461
444 4
562 675
611 242
465 908
836 661
84 82
781 20
452 670
14 701
552 228
188 240
452 813
605 353
92 340
808 29
670 228
98 741
524 969
928 259
908 104
226 833
110 816
183 60
106 835
774 641
758 944
279 521
289 521
182 252
441 865
689 232
34 319
915 666
879 725
516 667
573 598
244 476
651 180
690 658
124 698
486 305
699 160
992 406
958 687
685 909
444 797
251 569
141 859
55 693
336 473
389 353
409 547
393 870
858 370
475 814
494 126
759 566
462 728
356 123
989 729
683 402
702 434
613 93
512 26
752 703
694 822
308 117
683 35
29 173
986 240
781 739
549 519
930 523
956 527
518 258
186 875
795 907
174 564
411 898
794 397
507 829
970 447
754 342
644 307
415 603
701 174
5 759
668 89
463 847
122 79
948 213
804 649
678 166
992 697
166 394
98 52
779 893
905 522
289 707
692 966
566 939
115 683
101 836
942 394
230 680
92 649
827 966
833 193
495 572
666 328
784 192
596 9
612 876
491 813
883 607
407 747
603 940
947 462
206 56
400 891
993 156
391 55
448 535
400 650
186 151
224 974
633 358
671 908
249 539
556 316
928 827
384 45
524 305
422 940
489 344
635 699
7 794
163 616
789 804
369 259
811 180
152 471
703 577
158 301
26 919
710 566
341 798
952 493
915 227
518 460
99 324
462 982
897 753
892 159
622 112
826 637
886 933
298 178
137 240
213 69
730 209
900 171
60 293
647 910
743 885
947 848
587 457
313 640
706 505
65 487
429 638
654 73
179 107
187 564
764 939
47 25
353 328
476 430
369 570
762 51
853 344
982 564
732 671
35 505
201 961
723 514
662 694
793 517
139 407
585 939
602 971
330 310
12 567
961 632
637 903
290 331
429 83
379 872
903 688
596 590
969 38
736 424
864 476
992 129
549 941
139 83
581 883
368 820
461 53
137 711
985 907
272 734
444 948
393 958
548 546
508 103
642 571
755 222
519 227
741 95
90 67
422 386
189 397
891 287
104 187
643 888
401 389
365 76
826 430
864 725
648 898
392 64
397 721
863 354
58 635
761 744
392 47
138 575
433 645
869 558
178 851
765 909
605 856
472 76
553 293
436 431
455 381
151 132
467 339
970 326
843 220
607 15
844 371
666 639
978 957
481 371
355 390
287 469
182 725
734 390
204 609
575 626
504 827
675 628
900 707
297 402
943 817
157 922
268 21
719 276
496 574
353 923
559 447
123 881
269 701
148 562
775 759
979 40
728 744
675 291
549 454
953 709
831 684
462 1
780 158
620 989
955 128
477 476
603 690
107 579
936 563
205 498
686 13
560 207
2 24
484 319
894 486
825 733
628 150
132 659
885 737
996 798
419 573
171 460
690 928
512 384
109 376
589 174
312 230
366 25
424 992
234 759
73 819
772 737
845 596
850 557
912 996
218 131
419 1000
750 211
946 703
35 996
215 594
826 565
132 102
434 378
770 736
271 349
972 254
411 86
412 261
948 375
518 577
861 579
809 56
439 217
166 367
442 111
896 980
92 567
623 789
558 972
10 878
908 779
857 853
839 797
128 765
349 49
336 880
675 737
417 721
969 412
698 578
827 810
573 258
120 918
999 40
359 201
112 522
611 544
617 547
282 284
999 441
233 298
306 422
664 620
543 570
295 566
866 622
831 704
667 611
82 65
690 256
486 167
324 6
522 473
614 962
410 619
394 84
858 593
729 847
414 19
966 620
71 904
771 622
832 554
889 529
564 739
727 369
379 495
452 369
474 457
438 292
849 131
814 579
104 838
397 853
641 159
91 64
96 442
902 38
670 2
449 654
447 143
967 580
897 422
857 426
949 122
753 329
281 826
87 109
342 157
180 40
471 635
274 213
20 401
482 272
801 172
216 380
843 809
60 565
833 243
282 619
84 435
227 311
825 407
868 467
579 896
620 363
839 82
184 504
293 58
5 758
890 230
122 76
175 58
127 221
623 696
290 452
211 555
606 133
936 401
2 387
168 59
648 357
581 457
528 715
250 347
892 798
511 336
166 629
150 110
776 393
545 580
693 944
516 459
993 34
890 998
705 406
412 880
767 240
456 468
461 861
614 365
762 464
72 882
693 850
710 784
162 282
469 910
202 523
849 444
850 143
524 204
319 464
266 812
250 799
346 478
73 318
36 438
495 243
480 296
387 804
281 297
770 924
589 387
771 586
618 405
980 732
195 124
974 502
498 23
850 832
523 106
600 807
342 364
841 515
915 772
534 622
648 649
148 709
849 120
722 262
831 184
707 102
817 538
198 879
471 313
954 725
849 110
247 470
677 659
764 574
886 523
722 552
118 417
602 114
227 568
53 314
778 761
191 396
655 29
577 324
695 876
248 873
598 89
549 651
363 360
916 990
847 938
985 181
839 54
40 804
421 489
564 980
631 944
322 889
144 770
826 958
135 572
317 825
445 356
260 304
122 467
35 504
606 97
53 879
67 811
400 380
586 501
232 893
214 953
605 168
326 843
628 767
610 350
371 334
941 166
642 69
217 3
358 459
326 847
269 634
110 600
920 462
719 966
477 503
775 944
270 776
785 740
542 464
932 669
447 514
816 190
858 521
567 419
523 57
45 437
581 771
950 472
937 815
510 579
321 215
336 418
100 475
154 735
51 697
868 960
257 773
118 518
780 61
333 732
65 902
229 923
939 196
682 799
350 929
80 197
227 182
913 462
484 815
968 660
830 126
298 151
227 7
416 950
218 462
716 65
226 981
27 236
959 943
302 422
676 923
588 907
593 7
714 338
887 409
835 738
658 89
731 949
491 424
701 213
828 216
4 266
1000 961
486 892
785 235
469 514
420 90
41 779
541 686
340 273
822 917
14 598
625 581
680 638
558 147
460 986
118 666
802 705
49 177
570 574
680 253
609 201
161 745
929 735
819 722
414 282
236 576
235 86
143 639
47 223
529 921
54 988
917 466
314 121
98 912
266 228
837 363
663 547
79 424
509 859
772 829
422 626
195 761
445 691
462 339
896 113
402 646
521 580
171 463
856 260
856 885
428 438
727 178
678 530
111 217
776 997
8 736
854 307
345 382
802 470
108 561
91 773
897 458
39 477
980 653
703 613
216 498
693 96
19 81
668 207
651 564
446 432
873 612
431 452
234 918
843 780
825 265
717 811
847 844
574 908
242 397
406 514
299 734
249 479
695 852
700 610
60 385
619 626
856 288
550 228
517 485
776 33
763 179
153 601
957 238
848 595
957 111
360 706
161 876
273 362
905 637
766 592
254 980
451 860
336 492
813 641
637 989
374 749
568 528
827 813
896 610
280 153
476 36
515 337
98 594
870 220
654 749
642 13
444 916
419 156
650 512
284 774
28 952
909 993
966 722
842 452
789 187
647 173
262 213
466 816
250 875
306 917
281 509
888 590
417 141
552 976
572 515
519 4
280 131
246 882
742 855
287 576
536 500
439 645
105 291
323 372
255 881
769 370
132 406
502 650
564 433
668 407
782 411
927 662
380 321
660 883
437 646
539 610
27 438
1000 462
602 14
86 151
549 517
108 315
594 608
734 515
701 458
705 783
874 910
122 875
731 735
236 151
347 726
813 801
886 889
354 70
782 36
628 800
117 293
850 467
726 833
231 285
243 387
518 957
192 51
876 294
658 816
759 926
550 482
211 119
176 615
1000 793
583 366
93 254
573 180
442 438
780 498
989 887
749 531
165 674
343 747
254 2
510 104
701 705
448 617
766 441
792 274
925 495
81 969
619 76
357 876
230 234
76 708
99 829
358 782
102 944
505 842
72 99
682 740
148 184
189 788
834 555
176 129
8 602
975 602
797 250
898 715
332 147
224 524
372 700
525 808
638 691
860 409
212 952
319 996
820 831
472 933
83 251
972 978
83 845
164 681
963 785
604 517
695 766
703 213
590 464
167 257
564 171
503 361
985 410
52 28
594 824
645 86
683 815
186 957
100 971
89 126
442 790
317 86
913 183
507 584
456 934
164 511
60 312
443 672
890 251
891 814
268 269
116 113
364 230
882 615
22 868
635 293
134 526
142 445
182 638
588 725
865 312
870 555
839 996
878 890
438 903
957 928
361 398
390 538
176 658
289 761
155 496
41 968
426 838
614 447
923 422
836 909
174 236
802 557
560 839
783 850
665 227
261 680
172 501
410 398
84 729
430 965
513 471
452 5
80 628
793 71
704 422
176 79
286 132
367 475
867 931
803 395
971 797
55 334
849 185
405 875
65 714
350 757
665 351
974 467
778 70
779 227
93 661
731 42
57 15
341 231
538 582
579 398
228 96
219 367
440 112
904 415
130 708
105 388
397 638
626 30
75 364
773 227
670 677
216 390
807 455
422 98
638 310
578 460
28 45
502 924
910 439
839 22
824 52
643 536
49 875
748 819
413 18
126 875
715 186
184 450
187 997
709 936
545 991
217 318
669 664
798 158
207 415
300 723
869 782
286 778
325 800
734 388
205 842
297 263
743 462
908 865
951 669
236 93
844 595
814 143
410 81
412 999
353 921
46 100
853 604
749 987
76 991
2 22
221 130
116 488
978 511
211 404
429 437
68 267
243 371
920 444
849 618
131 567
405 60
870 128
622 392
474 721
592 649
775 919
44 163
448 704
840 194
324 435
257 494
591 159
668 968
996 461
566 5
234 320
720 519
767 652
135 282
525 910
553 112
792 3
858 158
483 496
241 374
375 806
964 257
180 304
328 739
186 641
538 602
319 112
561 971
800 653
512 49
949 100
932 886
972 907
332 42
958 242
797 80
765 732
397 610
94 500
294 234
891 170
998 834
565 165
307 845
666 780
744 160
545 153
378 186
532 385
660 702
682 18
558 641
504 524
51 193
860 901
260 851
100 530
339 698
322 564
783 417
38 344
900 387
903 860
689 720
562 350
869 802
269 108
298 902
365 515
943 156
430 65
969 305
642 377
1 615
681 389
226 506
352 285
653 87
857 708
913 810
326 769
866 778
624 344
185 732
457 839
245 736
466 15
61 3
512 947
395 9
487 359
584 664
138 381
159 193
455 130
769 181
823 87
205 259
357 216
361 29
34 173
487 581
471 64
189 464
537 2
152 32
910 785
638 954
786 809
590 57
779 218
449 531
970 800
254 562
385 479
918 739
189 721
595 594
302 944
531 698
473 262
293 531
797 387
891 360
283 996
729 179
278 867
833 471
544 686
345 911
547 565
677 590
142 899
623 262
311 960
833 320
866 682
815 464
854 62
252 644
838 989
75 389
256 761
938 13
186 886
520 335
168 420
283 65
341 443
861 564
37 82
153 16
919 340
406 265
616 413
66 994
507 540
734 461
75 880
776 173
961 887
523 968
174 900
50 430
255 123
540 269
409 309
188 9
201 955
476 235
719 345
728 900
124 789
224 227
379 833
174 320
595 50
633 363
102 38
729 824
328 127
76 709
93 673
42 949
498 307
850 28
263 139
159 330
168 663
720 898
409 659
341 584
909 742
580 325
219 100
752 295
618 16
205 9
382 742
299 204
542 152
634 857
102 659
860 491
863 964
186 726
337 802
928 395
488 402
217 756
18 511
935 72
591 538
795 733
703 626
177 778
604 919
260 872
221 821
111 385
297 994
777 203
392 167
238 559
773 31
385 886
226 860
82 792
212 671
947 804
584 554
18 48
790 818
645 85
518 749
795 872
938 330
160 417
155 9
353 432
833 78
748 863
817 794
529 486
553 488
827 537
701 32
762 62
544 229
182 639
405 908
390 904
301 355
302 68
552 191
383 443
478 389
233 454
486 944
197 35
804 29
476 126
97 119
461 750
758 844
337 416
271 525
376 58
747 221
894 156
586 213
185 532
21 305
331 818
82 116
444 627
675 409
344 647
625 778
241 733
244 480
851 184
746 46
230 151
802 780
751 467
209 776
421 931
334 145
524 321
945 796
840 54
259 53
936 745
500 552
935 270
741 459
137 341
712 223
785 917
702 510
439 716
831 222
890 425
302 1000
413 465
640 27
415 290
266 744
388 241
461 485
71 444
980 940
108 606
735 387
437 332
468 173
223 191
156 228
263 704
969 847
752 585
327 397
130 971
759 398
138 846
448 298
670 389
859 476
496 230
960 243
905 276
924 16
677 827
855 520
605 853
17 468
442 811
497 180
226 66
193 139
819 235
503 402
160 316
787 905
131 237
334 996
316 183
724 308
899 411
913 35
17 246
40 145
403 769
867 292
5 605
653 125
232 953
939 112
400 9
40 32
738 203
351 620
248 323
896 745
883 619
743 175
727 810
474 956
828 431
421 975
681 268
283 994
514 122
366 625
457 827
131 566
443 248
454 639
279 598
874 204
729 711
844 473
384 202
684 317
771 213
534 347
838 956
474 496
916 143
940 245
924 658
407 513
459 509
299 20
281 513
708 248
638 889
860 680
413 580
401 580
220 562
404 313
949 99
843 544
113 963
960 836
603 224
877 769
875 892
744 74
467 677
17 662
630 586
423 930
212 727
736 985
893 698
679 365
579 937
304 853
411 43
252 583
97 898
740 764
178 964
862 171
766 477
596 275
210 562
193 256
305 718
268 470
790 439
205 344
294 518
44 685
886 428
72 574
932 140
558 834
712 59
173 352
356 938
801 803
457 245
187 460
409 122
658 639
491 978
754 980
7 366
154 814
172 789
712 716
196 421
210 203
73 438
757 324
723 460
851 131
266 823
766 18
456 178
699 55
779 511
606 522
25 853
923 828
306 790
219 27
883 48
633 470
688 2
176 374
858 382
531 588
111 142
74 816
38 991
665 647
904 457
512 30
270 258
219 342
8 365
545 90
393 213
909 348
824 143
595 875
471 628
185 347
242 348
759 449
136 177
912 850
674 913
895 641
215 627
772 486
921 932
35 786
109 157
772 834
398 819
611 52
578 215
725 36
14 323
964 185
93 474
442 594
369 530
19 529
891 757
250 247
508 983
242 868
274 551
496 667
706 546
211 128
487 87
879 817
68 430
64 929
662 904
921 258
101 645
692 663
770 41
419 45
862 707
511 435
828 343
303 841
577 593
779 317
597 542
931 725
383 629
386 465
996 672
973 492
64 571
708 380
176 933
31 489
3 584
821 759
766 232
641 79
134 12
55 521
193 439
389 466
836 293
531 729
843 262
950 285
73 895
313 200
385 683
501 691
801 99
765 274
109 462
165 460
902 803
543 756
918 674
670 287
437 664
518 339
621 564
69 753
986 835
991 214
494 602
850 499
382 731
473 221
825 432
536 573
41 481
575 356
579 609
84 321
795 137
355 366
249 247
415 712
382 949
95 336
795 38
118 915
47 413
585 990
35 509
218 813
917 519
258 132
331 582
867 408
926 879
156 619
784 836
413 714
703 25
554 594
295 772
112 432
724 102
858 976
106 861
412 780
110 893
313 273
40 355
562 216
714 495
552 478
216 543
137 920
417 504
549 447
515 355
366 965
258 712
996 580
779 438
211 728
983 846
606 563
845 937
578 868
506 827
603 731
629 201
594 930
707 809
929 359
732 364
695 280
147 286
560 5
335 665
621 612
966 853
751 33
96 337
789 836
543 725
692 288
865 956
259 615
756 943
26 870
498 875
962 58
397 717
438 921
857 381
436 149
147 986
421 199
792 485
702 168
632 740
925 343
375 384
88 834
894 868
420 897
222 269
926 683
706 422
618 874
531 177
861 714
437 926
701 353
482 57
467 343
947 33
507 875
572 498
75 170
203 369
847 568
294 648
83 679
744 555
729 153
987 909
969 650
786 304
36 855
718 783
424 241
79 851
540 199
731 852
933 432
628 568
184 657
268 17
586 20
1 394
594 523
975 186
481 194
444 306
525 119
619 100
267 331
657 327
183 983
810 879
145 218
172 324
780 11
270 969
976 742
576 288
6 374
452 123
646 759
176 117
465 496
103 386
784 364
659 648
81 882
552 728
50 530
445 103
94 958
76 413
385 320
168 848
444 997
618 488
525 908
592 707
845 175
204 313
849 52
464 86
30 389
615 272
956 696
897 350
629 974
578 669
940 276
284 272
447 228
711 603
603 114
273 513
825 44
498 828
109 406
41 42
113 83
665 964
706 232
215 622
216 275
605 735
199 58
919 477
278 463
479 474
304 854
948 371
290 869
292 336
717 522
103 566
190 666
230 935
628 138
183 631
790 453
847 540
134 973
526 451
361 933
586 342
364 296
594 717
60 81
317 894
658 858
932 141
206 430
120 811
743 381
504 202
479 583
625 614
900 562
206 473
23 829
830 695
466 122
230 483
13 327
417 582
274 885
408 319
542 742
671 774
672 928
309 577
334 44
686 193
245 671
12 272
869 892
457 935
903 192
779 510
485 17
432 227
875 649
324 401
487 583
56 591
533 195
491 640
258 547
812 126
428 375
62 521
390 191
512 497
696 526
732 340
237 914
826 145
972 737
43 217
526 726
485 324
587 996
933 752
1000 133
989 724
973 239
460 6
337 853
601 512
764 212
603 94
17 599
694 779
381 516
865 907
494 349
440 407
380 348
678 799
772 336
39 339
30 530
252 646
753 175
256 763
352 768
227 64
100 978
321 27
986 799
843 954
471 853
330 859
458 148
602 303
875 103
582 873
562 753
635 429
283 496
766 913
32 816
341 298
198 237
236 432
518 944
606 470
895 196
383 48
313 954
279 213
687 200
729 322
306 149
549 181
554 639
22 185
316 428
379 978
512 859
970 975
40 392
573 290
689 813
999 72
654 605
378 626
73 448
845 674
662 120
810 807
734 974
335 832
652 6
413 534
163 211
439 806
442 6
817 82
600 414
818 493
214 738
487 538
770 380
185 984
357 250
430 654
354 426
717 330
898 420
907 446
436 894
912 863
2 512
742 886
590 138
627 708
375 232
177 959
380 130
595 737
691 926
289 182
860 523
130 882
313 312
133 109
592 50
838 930
251 4
416 63
108 730
697 418
366 311
557 758
670 431
49 44
750 153
847 769
167 403
388 460
597 298
502 38
327 201
908 538
801 430
904 147
353 295
136 283
16 305
126 556
71 341
273 166
207 309
123 522
827 904
630 127
723 843
942 427
636 708
418 607
308 863
334 731
942 26
546 835
857 514
405 138
179 554
515 68
55 135
607 490
790 94
59 192
193 666
842 313
628 362
556 511
22 423
335 804
304 184
196 510
469 942
897 949
37 746
132 902
405 150
727 471
140 741
604 386
811 600
79 464
836 61
287 743
282 298
972 557
662 465
531 534
271 787
494 72
498 55
480 534
655 953
986 480
474 60
113 852
220 552
206 751
137 420
532 27
574 787
830 256
388 243
209 330
458 635
958 164
172 745
502 864
216 393
35 975
878 511
811 450
668 329
928 230
782 193
52 934
74 698
666 934
127 435
184 453
313 679
577 178
740 730
703 470
265 516
749 404
368 177
220 747
83 678
178 174
640 871
120 673
348 881
562 411
728 975
340 285
657 437
508 655
629 401
477 132
581 286
658 537
110 798
2 21
349 458
416 432
84 649
519 827
573 475
296 633
577 536
139 229
819 583
612 986
831 568
651 142
357 161
84 623
951 243
475 58
263 957
208 415
922 503
686 388
500 671
393 739
654 934
732 450
682 699
975 622
910 939
893 49
180 652
807 353
792 6
563 549
746 437
910 602
34 985
418 376
935 445
369 462
495 378
301 717
111 330
369 95
223 268
243 578
544 645
986 230
588 743
123 25
128 734
84 420
143 365
352 980
313 594
320 370
230 981
925 683
764 373
287 260
948 380
878 757
899 784
682 416
956 839
730 436
906 574
941 605
909 905
460 645
338 509
602 618
258 218
187 736
26 174
226 512
156 573
231 219
912 323
292 45
790 292
939 897
831 920
443 971
746 672
288 732
348 964
316 298
951 384
978 478
816 397
413 561
127 713
383 595
884 980
335 796
48 246
16 852
751 420
715 850
441 297
685 118
572 37
621 888
233 79
987 370
932 721
901 558
3 767
189 780
956 324
617 977
634 977
267 818
789 921
868 678
119 508
634 832
428 263
592 672
440 461
775 299
869 92
447 18
618 348
621 555
533 277
939 34
119 258
411 717
214 242
787 406
441 854
51 403
747 926
813 387
517 146
337 630
826 236
621 478
109 10
62 128
545 186
363 387
736 999
273 927
165 153
978 860
601 195
711 130
532 535
75 228
41 20
333 804
13 166
915 787
900 354
792 875
465 849
193 482
343 784
307 358
145 391
348 650
700 471
224 408
278 165
552 198
537 566
644 766
83 444
934 611
666 453
44 433
742 344
14 957
527 76
737 56
573 402
900 934
408 284
101 433
157 639
709 50
443 290
673 641
581 8
451 239
399 599
771 544
243 81
633 473
48 97
394 117
876 715
629 909
834 551
615 366
157 306
819 861
234 391
517 562
422 702
993 594
744 456
82 723
689 377
214 316
342 353
290 260
720 337
708 397
115 297
270 365
475 689
385 681
830 357
798 967
912 914
450 113
531 840
414 972
971 433
682 804
259 525
441 882
669 42
526 973
74 375
821 159
414 607
790 838
886 959
599 286
503 357
506 443
489 815
825 325
131 468
593 673
721 500
631 105
354 247
687 683
892 379
842 656
324 327
91 668
95 188
647 789
361 834
621 228
300 399
329 444
946 259
892 601
235 966
951 516
365 567
978 952
196 200
37 341
481 75
526 299
199 577
865 173
948 508
120 868
897 746
914 584
559 278
249 817
931 919
254 34
606 791
716 524
422 798
150 361
634 708
11 949
12 330
568 810
185 906
363 73
45 142
128 230
976 538
712 166
967 79
360 271
768 822
937 897
828 970
501 962
814 525
547 946
819 391
6 37
617 58
671 285
267 971
826 342
314 418
388 877
194 140
659 298
806 399
823 615
536 95
265 79
998 715
69 945
323 449
531 868
220 847
611 809
96 837
725 678
436 944
912 781
956 606
516 330
468 289
762 669
864 955
88 836
83 384
471 943
42 157
596 548
778 617
304 940
877 205
166 234
208 572
790 529
969 575
849 886
919 153
706 326
88 17
329 297
965 973
22 772
113 979
176 596
455 558
273 757
230 362
382 177
183 928
34 316
594 521
701 803
244 178
784 49
148 568
240 553
495 995
633 198
652 120
322 97
219 997
847 239
211 265
528 69
654 645
987 504
373 306
823 22
183 247
918 782
794 264
387 978
427 801
231 715
927 257
823 903
366 854
583 419
894 488
609 648
336 500
281 405
798 210
876 930
988 740
312 381
440 807
424 855
77 3
722 312
194 865
849 573
55 588
441 968
260 372
299 422
608 874
411 736
447 230
843 549
522 883
459 220
710 969
685 614
742 537
190 989
554 291
76 35
388 103
796 356
1000 471
575 384
753 129
346 745
588 195
929 830
144 530
830 915
113 179
773 997
705 983
624 769
182 873
707 597
725 13
302 310
360 739
986 603
606 256
318 483
883 957
659 93
170 620
181 737
970 247
252 686
240 792
539 118
334 630
45 641
762 117
302 16
819 486
896 857
434 952
175 499
14 567
27 263
453 142
990 447
496 943
171 981
667 968
474 701
110 682
805 586
385 23
679 280
409 921
140 735
346 452
405 205
816 236
618 40
453 561
152 36
206 923
889 539
194 931
466 956
488 156
110 375
147 491
998 248
612 733
668 863
155 820
582 673
517 622
355 733
997 150
591 514
225 909
781 826
639 986
86 974
547 680
90 5
844 158
388 313
835 357
131 451
785 894
403 594
7 755
212 647
378 363
395 719
256 765
211 956
139 932
47 823
673 364
605 873
94 246
757 606
415 576
903 815
961 218
691 497
585 598
506 233
397 70
917 895
610 227
169 511
317 815
467 254
892 677
790 342
103 584
671 561
392 545
654 257
917 223
822 935
733 280
109 734
573 207
945 296
322 937
141 291
515 106
239 576
135 773
857 136
525 445
583 395
823 184
245 812
771 773
634 673
266 839
339 263
451 321
90 643
417 465
98 994
102 986
33 545
436 602
254 225
211 686
216 964
863 802
426 256
223 643
280 117
725 845
82 321
196 201
56 988
57 389
612 753
855 79
198 982
570 205
862 496
962 307
781 973
507 402
437 451
275 24
21 516
595 739
322 5
547 580
363 691
494 383
151 554
208 932
100 146
566 169
289 293
60 608
756 965
373 743
971 571
178 983
655 27
531 41
324 873
492 251
207 608
632 826
562 945
523 701
526 236
978 721
713 718
772 84
313 649
229 814
9 640
286 896
655 313
469 278
792 729
248 589
869 424
672 447
527 883
567 678
549 919
491 83
256 918
22 889
539 129
705 185
710 964
190 547
912 381
269 944
553 125
221 407
331 635
824 259
932 707
483 136
143 792
150 12
776 427
667 771
724 208
175 536
289 601
157 796
166 885
685 155
529 951
111 783
231 911
573 550
390 456
836 168
552 767
630 736
681 925
224 848
78 111
656 333
451 91
641 63
110 444
720 528
591 311
115 486
617 936
745 99
488 212
573 352
998 494
871 628
73 911
495 352
33 9
768 196
308 133
695 571
315 823
545 406
401 286
380 279
539 688
761 768
208 896
599 332
56 52
209 618
47 894
982 431
130 630
131 307
80 473
613 705
27 226
445 79
782 118
203 485
812 825
959 570
123 714
929 627
734 510
655 110
101 931
100 714
981 335
892 638
841 500
568 284
708 296
407 981
840 700
953 899
256 576
643 219
257 948
459 554
597 272
83 390
698 681
396 646
918 434
5 891
521 78
157 772
230 241
219 631
698 636
426 807
944 680
563 686
206 226
447 732
694 375
426 601
615 211
853 810
287 820
491 665
563 298
861 522
868 573
650 328
278 537
580 137
205 974
272 674
465 151
599 812
677 994
937 781
186 283
436 538
244 744
376 645
820 990
191 159
637 187
983 403
507 90
569 459
734 783
20 277
868 113
299 383
766 813
324 899
381 750
756 910
420 854
959 235
302 746
873 622
359 975
714 682
125 745
520 124
702 75
403 608
670 485
388 610
575 734
19 309
558 650
675 580
317 40
997 930
592 484
22 967
80 596
36 743
74 446
148 921
339 814
946 250
35 553
635 326
218 881
721 845
274 575
49 607
45 640
339 927
74 144
662 143
166 576
957 331
524 882
306 383
658 1000
610 401
758 793
705 387
942 80
899 383
684 767
307 668
528 19
827 1
224 58
560 900
334 51
963 449
806 953
399 637
132 856
354 984
409 777
233 77
250 885
695 875
333 90
280 26
615 324
910 794
585 305
732 416
937 984
668 856
287 370
604 874
146 590
281 233
920 89
298 789
686 640
138 186
46 803
893 324
364 534
782 702
574 737
960 821
423 143
626 208
746 638
259 531
795 613
261 65
532 316
854 448
674 826
531 927
513 760
588 148
38 943
141 206
389 816
381 867
866 389
901 130
528 282
947 892
568 7
715 232
643 599
784 948
584 785
531 234
761 395
261 921
144 797
342 592
937 80
921 635
500 233
619 882
364 271
235 169
969 664
22 205
870 513
597 855
525 218
49 737
913 888
1 582
787 675
202 449
540 401
939 940
303 589
698 609
292 210
59 185
866 811
371 379
851 69
317 609
232 659
943 925
158 703
509 217
664 544
685 182
443 183
120 40
301 173
859 591
799 358
609 100
314 72
150 306
550 542
345 886
702 794
519 320
813 163
559 963
778 362
876 438
641 466
738 278
202 788
243 192
42 123
375 967
711 873
768 987
586 638
327 608
40 686
292 741
963 104
301 625
313 99
391 246
315 957
636 351
102 615
638 693
297 687
717 58
61 566
256 592
7 560
835 179
322 2
901 452
527 446
360 864
434 475
312 899
27 360
469 51
256 730
282 598
72 130
777 117
972 317
886 863
231 430
912 592
765 850
89 497
877 376
862 212
420 847
330 940
236 407
257 574
147 638
921 599
683 592
852 580
338 451
156 752
140 205
32 974
89 659
770 884
218 809
761 129
724 499
375 377
550 659
607 326
885 32
524 826
947 389
509 268
3 381
386 367
747 208
321 740
550 637
954 346
244 126
962 801
11 951
383 533
611 718
707 527
710 646
860 55
609 497
978 198
798 357
531 179
475 64
389 272
707 813
135 300
152 149
105 195
267 892
507 339
122 257
88 984
510 404
225 746
302 898
821 430
345 413
76 347
970 394
564 448
178 333
811 25
78 552
209 335
802 316
458 614
366 359
314 140
969 882
458 457
299 747
752 477
249 203
668 251
84 498
765 901
144 583
786 10
199 995
238 639
579 750
818 778
585 621
878 574
774 993
852 221
118 66
687 141
727 944
563 915
514 341
273 417
359 364
6 665
134 34
119 480
508 761
254 461
793 779
10 551
728 752
969 202
73 413
228 639
551 725
864 111
396 873
102 820
263 185
286 234
492 971
36 501
242 798
43 467
137 666
899 56
564 791
765 146
206 718
185 134
341 523
472 726
695 376
441 93
12 700
800 532
712 224
90 188
517 921
366 33
371 653
891 322
703 919
474 142
856 53
189 425
800 754
432 662
446 132
475 616
494 308
946 971
677 549
345 4
734 558
497 321
913 343
531 96
478 123
5 265
563 913
999 527
873 655
88 977
530 216
415 622
161 539
184 484
916 925
574 145
523 853
801 619
490 700
731 918
114 76
604 981
981 743
966 254
759 668
369 762
282 211
835 997
529 50
3 198
743 377
193 549
927 374
729 411
888 278
553 197
6 645
196 275
88 444
714 464
718 440
311 98
800 738
44 351
926 581
340 530
713 24
783 912
898 186
681 570
59 122
705 411
689 231
121 421
107 662
27 691
36 410
183 213
975 297
119 731
546 448
233 76
181 308
642 806
440 754
383 946
758 492
663 604
722 248
637 395
394 47
106 341
289 979
309 400
518 412
384 969
441 8
208 269
579 302
234 805
524 405
319 235
711 789
267 900
864 984
21 381
834 736
285 56
603 37
588 439
941 795
458 732
169 519
702 443
114 649
707 3
638 745
310 516
756 636
5 58
247 480
289 287
4 964
721 380
759 476
612 49
802 614
57 916
367 691
705 768
446 294
492 32
130 575
41 392
369 811
98 235
316 790
578 161
446 689
563 761
433 598
53 625
661 882
683 998
813 939
434 120
640 708
255 400
22 851
98 461
598 390
140 298
69 348
336 540
456 623
294 551
723 947
559 25
780 878
139 610
50 59
344 996
573 205
761 85
616 816
139 499
879 941
738 383
865 686
173 208
297 951
608 863
841 933
715 242
101 446
282 376
175 759
510 226
58 483
23 622
885 286
906 693
237 703
980 824
537 119
719 908
893 916
451 97
830 129
717 326
719 776
725 843
907 434
124 326
846 133
295 339
54 64
521 389
617 236
138 863
547 761
307 636
524 331
657 174
256 270
699 530
313 211
464 417
450 76
693 48
43 999
907 638
826 514
994 736
756 967
407 271
815 498
752 434
899 591
866 422
744 790
999 710
51 142
587 448
717 637
960 734
134 879
443 238
979 475
670 732
503 565
3 49
84 191
813 544
874 542
892 715
487 225
13 338
296 980
387 319
460 863
889 443
88 342
75 624
577 278
886 280
410 247
433 62
184 984
828 385
871 93
529 804
550 626
257 249
276 323
841 589
98 533
943 545
641 275
144 341
552 338
606 677
717 482
177 575
300 631
542 589
814 822
671 107
177 275
25 871
408 25
95 420
45 284
46 527
158 965
328 895
918 562
206 832
635 606
66 303
194 792
33 414
295 58
613 11
281 728
428 601
711 626
83 345
830 260
359 852
472 904
348 832
208 898
263 830
252 347
90 362
53 358
645 34
367 846
52 930
57 972
518 707
702 60
283 158
285 548
314 765
273 100
959 548
625 130
734 508
662 521
517 282
60 219
173 596
619 940
239 823
221 328
244 927
26 342
136 650
600 111
451 735
123 554
13 647
36 931
184 662
884 687
866 910
73 162
938 243
199 550
232 867
277 296
762 318
943 999
253 953
400 813
992 823
738 295
748 283
671 809
325 365
435 805
534 115
352 197
233 198
201 40
694 373
970 741
440 616
93 882
867 887
318 585
862 958
870 485
765 145
152 153
455 168
628 159
100 272
483 616
138 53
409 59
530 883
659 621
73 984
95 543
636 273
985 543
381 394
54 272
610 692
683 416
632 440
725 613
906 129
449 298
492 392
954 661
983 258
345 154
369 44
406 939
463 686
7 648
969 877
130 937
94 398
331 104
5 487
209 596
763 109
598 843
155 439
143 670
648 20
498 765
819 205
325 892
308 590
499 905
615 591
345 806
490 716
731 774
370 406
234 985
303 826
14 651
183 784
704 57
706 587
592 187
344 458
235 161
461 735
245 376
173 235
452 934
522 666
905 976
841 978
235 463
58 460
719 17
222 731
326 259
336 708
328 74
185 967
278 584
286 199
237 619
932 733
975 729
30 200
784 476
170 279
800 893
65 651
735 356
964 221
845 78
401 538
128 382
682 957
868 896
206 555
855 708
800 672
863 655
816 698
777 741
233 536
731 265
215 664
310 692
151 624
98 941
47 835
662 310
730 195
821 808
403 643
705 775
431 81
571 954
778 211
460 455
890 380
411 13
505 218
183 545
759 146
744 729
285 669
210 528
212 70
583 209
16 345
761 235
905 641
72 576
553 151
59 330
315 164
922 964
945 301
412 806
72 943
970 968
241 968
987 46
148 499
421 897
79 680
489 155
187 204
334 13
262 286
158 863
219 863
231 352
209 162
287 782
200 160
437 189
497 994
405 863
428 336
964 162
802 197
703 833
492 675
272 506
8 578
9 495
930 97
694 974
417 18
275 428
39 191
209 208
337 795
764 134
546 49
648 513
668 604
6 351
390 921
543 652
289 329
843 750
806 502
38 844
973 287
353 879
924 869
265 416
161 375
180 21
729 335
94 439
440 186
616 179
990 441
857 175
434 424
731 642
665 816
545 858
56 821
493 732
923 191
302 258
430 311
765 848
624 844
662 610
544 141
620 408
732 738
71 336
109 688
365 563
810 448
445 379
947 233
532 736
867 414
687 235
193 627
302 79
434 895
992 557
808 48
754 820
633 957
407 656
126 130
914 580
862 278
476 117
520 595
558 239
851 99
138 960
391 252
983 614
289 606
253 773
519 640
461 960
410 406
710 885
34 266
897 904
955 126
120 181
176 71
413 870
615 783
879 279
644 458
385 205
118 422
297 905
979 741
569 609
452 291
487 406
972 554
607 917
521 710
650 290
209 18
631 225
180 693
841 597
128 24
256 205
588 506
247 367
554 699
752 787
238 86
95 587
629 655
337 775
46 857
261 859
986 412
474 168
55 917
369 438
78 558
673 94
51 606
808 803
425 373
632 635
252 340
470 263
960 541
773 635
624 593
673 440
602 462
215 561
187 908
795 845
815 262
150 380
911 787
455 375
701 379
706 14
213 833
820 351
223 905
643 318
438 686
903 880
649 913
923 94
468 113
325 808
307 309
793 638
683 702
794 960
335 451
706 757
691 89
321 657
364 337
663 1
222 819
647 333
80 792
529 229
714 43
297 553
45 955
482 631
211 47
927 301
989 100
10 549
381 963
1 174
185 569
833 177
666 168
336 571
758 978
742 503
50 949
220 453
998 35
386 403
776 823
300 45
357 172
908 300
215 194
226 900
435 962
297 997
30 237
94 928
898 617
132 645
390 213
342 306
941 726
616 361
928 603
716 730
261 217
47 584
808 880
747 411
243 585
405 730
959 135
317 113
692 258
469 267
744 643
717 849
241 24
313 379
39 530
551 619
134 635
126 941
230 895
69 691
621 390
790 765
287 723
169 71
703 352
269 130
109 835
146 207
888 890
151 162
136 329
820 261
265 555
697 552
93 463
701 240
618 388
212 483
213 982
472 336
112 215
667 49
173 456
266 762
658 852
623 908
422 659
430 184
162 554
509 321
886 321
463 432
780 86
712 612
613 313
197 228
953 894
129 332
607 553
115 871
888 421
762 450
283 967
340 540
614 206
409 925
713 239
163 138
789 194
96 231
759 884
667 746
564 838
841 819
845 875
917 110
501 832
797 712
979 669
655 734
626 922
112 960
342 725
390 177
121 886
105 153
275 403
573 958
134 170
262 895
854 741
11 445
640 43
860 398
313 181
830 370
778 489
530 630
712 365
694 781
252 845
311 939
627 346
60 745
976 34
9 61
997 372
603 197
726 13
998 870
108 300
497 355
354 236
743 842
217 92
326 270
143 332
666 923
388 357
106 684
855 713
288 305
827 644
455 319
437 976
6 380
919 364
867 135
151 198
279 13
356 640
507 532
369 396
899 128
494 786
5 525
486 674
969 324
295 904
871 916
979 161
417 794
165 728
480 230
867 498
580 761
547 496
50 136
33 895
291 142
558 208
281 100
762 375
13 357
474 639
487 643
880 549
811 741
172 409
870 64
599 514
77 276
925 507
902 335
500 685
86 546
234 369
208 925
640 482
370 369
635 711
855 474
90 848
306 821
110 279
870 317
817 391
780 525
108 844
367 797
684 177
423 223
281 706
646 826
90 114
381 433
453 964
235 270
207 985
333 302
794 768
589 94
855 169
716 509
459 152
276 946
5 28
635 771
372 859
636 56
85 302
360 867
787 38
172 690
660 217
419 938
169 771
385 846
703 218
252 672
570 525
672 213
576 653
786 178
398 871
492 6
331 128
83 547
49 983
486 620
960 620
752 146
787 885
353 313
908 999
502 218
10 437
876 525
335 494
913 968
112 287
847 323
994 149
411 423
330 317
352 477
80 972
67 930
563 809
527 642
362 234
879 963
861 212
989 31
184 986
615 965
727 655
783 227
895 341
792 617
223 75
513 302
641 273
611 755
462 419
407 144
393 632
853 786
974 144
15 977
551 643
418 29
363 345
99 832
180 519
347 30
168 891
389 285
699 279
584 35
379 417
841 596
552 513
129 880
792 48
665 294
464 97
450 140
894 723
332 168
1000 194
252 119
467 800
484 834
184 126
705 684
299 351
670 354
821 254
881 419
41 292
96 969
99 506
27 329
332 503
203 8
421 81
313 568
186 822
995 52
868 270
782 122
86 327
144 954
807 669
421 34
133 510
687 827
579 578
102 778
786 408
127 270
218 758
618 157
101 943
856 108
416 541
356 707
286 642
947 196
415 314
37 47
24 941
639 129
676 157
382 186
643 108
442 375
452 844
275 845
850 299
679 527
301 97
139 138
802 582
987 590
568 302
788 533
149 989
816 374
814 993
164 153
823 109
639 974
433 306
371 82
912 102
618 49
945 935
957 288
214 556
340 991
715 829
479 728
975 711
244 371
483 541
158 39
717 268
668 880
986 485
241 428
811 856
190 359
265 140
