10573.2321928
320.128496376
433.212556376
448.223456376
551.232646376
596.275886376
667.312996376
680.275236376
795.407956376
836.376346376
924.450546376
983.444756376
1061.50945638
1111.53971638
1174.59351638
1225.58264638
1289.62045638
1326.63032638
1383.65178638
1388.68886638
1512.69437638
1551.75219638
1599.72640638
1648.80495638
1736.78531638
1776.86353638
1864.88027638
1939.92686638
1978.92320638
2068.02182638
2125.99161638
2199.06231638
2213.02364638
2313.10524638
2326.10770638
2426.18930638
2454.16628638
2525.25771638
2567.25034638
2638.34177638
2695.30892638
2785.41018638
2810.33586638
2898.49424638
2907.38862638
2955.51570638
3044.44753638
3084.55829638
3155.59540638
3157.53159638
3252.64816638
3272.55853638
3343.59564638
3400.61710638
3408.74927638
3513.70116638
3522.79220638
3610.75392638
3651.83479638
3757.82233638
3782.87528638
3871.86526638
3968.91802638
3968.95459638
4096.97660638
4155.03390638
4225.03518638
4286.07439638
4353.13014638
4449.13772638
4452.19855638
4551.26696638
4562.22178638
4682.30745638
4690.31674638
4779.36021638
4837.38515638
4878.42862638
4908.42226638
4965.46065638
5066.50833638
5094.50157638
5203.56724638
5241.56998638
5331.66220638
5369.66494638
5478.73061638
5506.72385638
5607.77153638
5664.80992638
5694.80356638
5735.84703638
5793.87197638
5882.91544638
5890.92473638
6011.01040638
6021.96522638
6121.03363638
6124.09446638
6220.10204638
6287.15779638
6348.19700638
6418.19828638
6476.25558638
6604.27759638
6604.31416638
6701.36692638
6790.35690638
6815.40985638
6921.39739638
6962.47826638
7050.43998638
7059.53102638
7164.48291638
7172.61508638
7229.63654638
7300.67365638
7320.58402638
7415.70059638
7417.63678638
7488.67389638
7528.78465638
7617.71648638
7665.84356638
7674.73794638
7762.89632638
7787.82200638
7877.92326638
7934.89041638
8005.98184638
8047.97447638
8119.06590638
8147.04288638
8247.12448638
8260.12694638
8360.20854638
8374.16987638
8447.24057638
8505.21036638
8594.30898638
8633.30532638
8708.35191638
8796.36865638
8836.44687638
8924.42723638
8973.50578638
9021.47999638
9060.53781638
9184.54332638
9189.58040638
9246.60186638
9283.61173638
9347.64954638
9398.63867638
9461.69247638
9511.72273638
9589.78743638
9648.78164638
9736.85584638
9777.82423638
9892.95695638
9905.91919638
9976.95630638
10021.9995464
10125.0087364
10140.0196364
10253.1036964
