993 1700
784 774
776 288
142 63
224 339
461 602
981 713
85 388
838 663
567 954
328 934
293 759
620 791
398 967
573 374
278 850
505 584
829 743
63 228
400 571
310 82
610 35
79 617
814 169
66 443
283 103
349 617
926 395
838 281
129 829
962 423
982 536
759 417
494 429
70 81
26 418
846 892
6 391
970 281
151 527
869 961
264 95
867 695
141 540
244 433
671 924
586 427
880 196
521 399
316 771
475 67
744 862
980 167
505 257
505 948
749 467
347 41
812 706
671 871
285 275
713 544
206 346
157 622
582 209
694 447
465 445
732 116
667 191
811 927
813 943
283 496
659 214
698 7
972 55
154 335
233 509
973 603
722 861
500 809
377 769
304 559
877 255
436 507
937 186
828 114
653 686
754 536
127 908
187 737
538 139
378 626
176 983
1 553
153 918
245 334
645 242
501 681
457 326
954 12
863 74
647 750
398 120
185 365
283 930
124 524
88 213
785 612
236 309
833 218
118 817
980 84
250 802
894 540
608 523
509 610
346 774
366 787
283 124
353 977
248 911
963 786
309 497
222 198
443 797
770 427
790 357
4 528
504 727
191 980
731 73
294 329
930 778
476 97
558 227
796 314
728 213
35 162
109 87
21 310
833 315
616 181
687 426
366 323
363 468
458 663
425 57
299 107
47 667
856 371
850 7
230 919
486 621
657 791
215 155
987 162
733 495
93 389
191 740
258 899
388 982
193 779
270 11
757 661
722 495
669 276
46 231
339 91
46 845
674 567
163 659
637 923
457 181
510 905
834 522
248 601
926 625
913 55
441 393
921 604
952 538
417 830
320 729
487 505
971 791
771 659
116 485
754 578
151 957
575 723
346 647
457 920
295 861
837 944
973 176
975 747
799 243
518 226
24 749
812 459
163 569
835 606
448 713
179 34
188 646
512 827
680 684
132 657
439 567
226 202
36 863
721 548
304 543
376 636
346 483
642 212
623 874
256 800
847 920
908 882
616 438
483 170
263 205
873 982
853 932
529 884
275 259
407 461
500 526
451 399
691 824
907 794
766 554
949 240
101 408
290 335
523 263
583 986
731 623
826 476
991 524
54 635
426 469
959 599
453 157
570 985
534 707
757 916
171 427
119 92
215 503
180 192
410 499
910 605
197 478
52 954
695 62
865 697
807 826
4 744
814 856
653 737
694 726
842 537
709 85
358 13
949 849
342 673
881 571
515 102
317 399
155 980
855 950
824 880
481 713
815 292
281 819
148 8
461 255
375 452
514 934
588 640
111 724
628 612
187 342
391 84
525 2
477 225
614 857
315 868
546 642
585 248
865 312
106 595
985 441
729 810
803 674
861 882
408 624
101 685
875 503
144 90
680 743
349 634
101 574
282 504
747 172
75 297
334 987
392 29
827 598
955 64
906 644
375 331
44 285
167 741
521 510
616 166
28 588
34 871
704 622
522 557
686 434
67 27
566 457
208 845
615 2
869 743
107 830
862 617
973 595
575 506
491 146
404 896
773 963
697 38
510 470
786 788
806 654
109 950
148 954
242 332
543 357
925 938
553 688
835 30
350 677
782 948
279 48
173 752
542 699
237 47
142 260
571 345
473 169
183 132
24 307
465 988
491 317
92 661
761 559
368 714
22 59
225 592
342 615
794 435
981 276
622 542
808 182
132 913
157 45
103 362
326 369
535 615
303 606
6 152
46 617
965 34
93 316
124 515
17 770
973 51
760 844
269 375
962 714
410 677
435 553
175 424
716 362
991 586
524 578
467 764
789 285
809 124
811 701
299 846
642 570
701 935
987 269
438 455
828 46
765 315
983 356
933 543
678 103
884 885
326 176
946 295
175 235
285 780
783 488
563 341
740 510
10 415
325 624
490 266
160 457
145 750
598 667
209 23
10 567
323 708
572 356
599 883
960 537
782 827
16 891
186 752
532 35
627 359
621 381
805 988
287 833
909 419
436 801
187 711
704 272
377 847
532 496
42 132
867 112
975 755
975 814
561 558
230 944
709 21
233 589
679 417
172 147
689 319
782 289
674 886
470 679
589 222
203 178
907 337
468 822
513 311
909 190
767 94
163 292
932 702
541 851
451 938
951 87
382 11
226 194
799 661
729 233
626 973
591 66
955 469
947 792
533 650
329 529
405 621
687 858
782 74
533 763
642 648
258 596
388 208
766 880
693 432
148 462
349 902
557 684
559 887
130 938
222 348
357 284
985 611
457 96
402 214
152 284
174 658
144 929
384 74
545 436
124 869
34 691
287 907
652 472
177 534
643 938
482 99
928 452
692 527
31 645
603 268
547 523
879 427
603 445
434 32
269 556
539 981
277 630
877 711
319 966
188 130
516 452
314 860
830 470
280 25
154 638
980 710
108 391
555 311
387 467
923 165
500 805
728 576
231 200
97 569
603 806
680 399
826 497
341 157
346 100
185 490
802 189
808 332
939 195
443 166
91 514
596 154
985 639
510 790
188 367
800 676
985 821
267 665
992 443
756 396
392 609
942 100
412 662
94 16
363 935
96 590
226 830
378 670
508 270
715 309
158 992
252 637
419 194
868 717
603 933
268 170
913 80
223 230
546 543
180 171
524 701
926 889
125 12
990 499
170 675
136 218
959 170
710 297
537 344
390 771
448 613
964 310
473 168
956 389
338 355
375 337
956 207
763 575
345 205
440 973
706 46
437 534
611 546
85 457
947 268
366 937
354 103
492 775
185 678
42 562
499 975
959 216
691 461
394 512
180 676
815 505
641 878
675 577
511 854
900 316
327 373
922 608
260 143
524 825
726 325
174 134
838 770
166 337
473 170
782 330
128 14
22 719
136 808
138 564
234 183
611 357
799 176
503 854
145 756
314 677
184 344
256 677
602 275
713 268
715 16
83 871
287 492
129 393
688 205
320 87
980 432
490 440
735 164
792 528
959 940
484 524
583 319
915 330
147 692
155 65
636 926
347 454
44 831
423 805
270 567
936 814
332 852
425 129
561 391
732 168
554 110
845 18
772 971
72 35
442 352
408 432
504 612
992 830
337 399
203 188
427 666
923 561
874 628
585 50
676 258
74 124
99 697
9 129
885 5
885 939
279 827
474 674
146 429
151 604
7 262
781 709
877 924
439 864
667 924
941 21
47 780
700 618
755 186
521 470
73 517
223 257
777 762
647 878
366 130
403 495
759 949
321 710
675 465
589 651
14 555
682 133
376 645
680 638
682 20
520 796
685 724
961 75
946 481
50 512
952 317
854 482
558 754
981 702
137 331
561 338
215 60
560 459
160 105
723 450
394 672
400 429
720 273
78 42
926 372
829 514
115 35
703 57
730 524
180 90
536 818
972 475
814 903
375 300
269 476
499 564
410 949
927 61
855 944
877 24
455 454
663 40
595 133
320 646
714 64
291 145
365 469
962 252
776 746
934 771
381 294
956 958
595 592
545 174
379 646
8 634
126 811
582 51
416 853
538 886
885 904
472 887
34 706
477 818
330 637
644 980
96 450
466 990
159 974
481 19
763 421
321 586
33 541
926 916
150 523
895 843
758 922
711 787
829 912
219 990
107 639
737 746
665 854
353 660
351 316
330 275
407 885
177 140
759 454
256 796
760 275
942 101
177 875
204 173
257 328
481 521
580 984
449 43
684 814
409 883
532 425
517 443
524 790
249 375
252 638
516 434
828 508
95 208
32 767
778 165
68 328
828 149
354 694
322 138
194 175
533 696
185 400
773 383
815 195
466 453
304 123
433 20
676 30
843 759
591 649
558 212
743 918
694 89
827 526
773 748
498 987
591 129
254 158
680 305
403 843
945 456
485 816
267 309
341 806
513 683
684 578
369 936
392 962
658 132
678 142
147 271
956 993
98 514
778 87
376 597
803 783
309 111
430 314
594 226
334 25
762 758
409 838
895 77
273 566
627 397
44 521
740 894
951 348
951 461
440 981
90 493
955 445
887 101
945 60
162 885
461 978
806 974
337 770
281 888
4 373
813 340
749 236
54 141
849 203
278 239
960 498
816 545
980 426
121 800
179 419
294 495
441 937
698 644
385 207
244 284
746 737
969 563
372 949
515 776
421 218
6 27
97 486
980 878
231 130
604 850
52 535
718 796
495 180
351 613
856 783
181 453
771 519
985 177
947 988
164 837
4 814
430 878
518 307
783 972
850 790
211 944
693 641
77 348
663 693
593 854
602 371
404 694
569 32
580 43
768 22
901 812
332 208
597 355
711 720
234 634
310 959
494 200
168 900
420 403
854 237
17 448
196 904
707 883
335 594
145 825
99 406
874 749
191 773
209 705
42 673
966 745
55 394
775 909
988 960
222 114
745 205
680 39
491 415
883 862
757 718
629 756
25 43
67 672
712 811
982 634
640 690
199 57
811 244
741 123
618 835
750 395
795 306
302 888
234 437
290 99
128 74
967 276
332 366
636 716
573 63
210 16
691 761
272 952
573 144
225 2
657 842
270 558
143 32
734 328
879 234
63 473
105 595
15 687
772 810
628 236
702 687
528 584
363 512
804 186
313 930
117 108
729 362
163 726
649 259
647 967
562 625
442 723
922 601
778 901
551 550
772 366
95 268
760 366
948 977
975 734
901 567
77 44
909 538
548 174
513 964
436 318
204 433
214 896
259 480
885 604
653 784
969 715
714 475
366 686
478 728
373 568
634 658
274 599
324 230
152 953
761 971
985 47
255 192
760 520
250 448
413 556
63 714
85 721
950 596
662 407
574 277
726 15
621 475
966 692
36 876
118 800
254 245
738 245
177 793
777 519
333 662
317 188
286 398
628 862
421 334
4 314
778 769
659 741
36 288
517 41
132 935
98 444
784 594
368 21
496 90
913 776
218 206
863 754
189 788
722 191
639 45
496 312
460 278
796 754
530 159
715 153
59 320
156 272
417 654
864 337
582 411
740 643
134 780
229 60
477 904
66 180
874 249
654 731
330 737
705 350
488 850
605 739
327 278
27 506
382 430
148 843
439 131
425 171
274 525
107 29
635 476
265 89
305 389
166 154
628 760
615 978
411 848
289 905
221 356
777 71
338 887
390 137
698 861
3 533
261 244
842 540
225 502
27 199
926 436
620 204
6 150
335 179
561 656
301 970
849 519
99 458
30 427
343 373
842 833
761 137
704 556
46 90
33 777
554 156
460 623
988 771
685 146
15 209
874 966
568 622
523 364
910 668
469 303
554 135
84 647
365 212
446 367
817 873
145 331
292 14
717 912
617 894
410 967
515 191
519 607
104 869
507 352
457 481
594 738
174 379
13 124
773 578
410 88
797 113
260 272
580 567
928 298
197 1
676 703
113 932
904 856
779 804
282 583
532 130
503 634
231 57
329 49
498 373
155 739
726 382
271 185
607 563
993 123
724 682
654 175
980 899
197 465
26 309
826 361
554 914
760 387
546 463
208 548
445 798
877 326
218 709
402 51
689 155
50 983
407 602
938 455
247 656
4 602
294 862
8 809
429 8
308 590
452 91
595 988
610 80
675 449
731 236
252 374
915 408
41 657
47 750
609 207
766 493
642 189
551 592
309 357
538 877
656 869
779 832
790 290
946 243
278 729
890 507
85 544
673 343
931 33
146 177
22 169
219 573
22 983
426 881
978 322
602 713
769 424
435 665
789 933
383 770
23 507
777 56
463 240
943 58
336 98
48 225
581 596
74 128
277 818
946 387
507 120
57 620
91 385
28 315
68 898
23 959
103 696
288 972
761 219
673 651
288 630
716 756
698 347
203 478
975 318
339 941
852 126
15 456
970 961
599 851
454 939
456 470
147 945
499 613
986 263
825 899
131 485
56 815
332 607
560 826
10 666
263 139
35 750
13 358
162 672
257 156
99 465
390 783
941 864
950 982
774 490
479 975
924 584
199 598
735 672
114 84
278 596
796 127
173 200
793 971
731 653
515 959
850 712
9 376
193 62
327 726
543 842
882 249
917 27
595 740
374 723
693 580
779 781
375 5
748 545
90 858
588 839
522 207
299 58
892 168
200 858
989 667
350 667
276 858
296 547
687 695
835 608
545 653
777 721
743 764
9 645
909 640
807 501
65 827
706 811
48 567
982 46
751 168
112 143
50 565
655 950
270 464
642 242
365 708
738 619
242 452
150 782
17 474
128 227
477 752
116 218
462 458
820 789
882 433
428 317
598 764
899 559
189 680
85 68
840 351
803 744
524 233
726 917
589 24
650 774
433 54
628 786
63 262
751 811
847 874
225 293
62 202
63 216
713 216
606 685
130 634
185 74
521 416
519 213
490 972
275 57
810 155
298 545
845 376
280 742
190 482
545 4
654 219
490 187
54 157
755 717
689 516
122 655
48 44
409 237
166 238
962 723
368 860
591 262
481 966
685 829
389 219
959 692
511 61
962 501
266 710
121 390
15 363
38 77
758 586
29 390
985 112
460 979
163 443
504 35
675 348
271 179
39 439
709 931
192 534
706 774
490 775
584 422
765 548
215 365
277 788
225 441
266 592
643 968
635 834
530 993
151 29
849 603
8 431
742 494
820 985
237 750
72 76
441 972
253 985
626 542
848 113
962 233
305 459
334 437
155 223
726 682
214 863
718 479
154 854
767 507
189 250
600 244
30 905
383 371
978 337
487 988
494 317
263 335
122 417
958 479
779 987
336 4
266 474
968 969
311 512
202 839
259 695
64 679
136 410
525 945
162 835
362 948
113 653
797 273
231 666
841 367
199 621
992 50
405 201
195 304
435 990
493 662
207 877
307 827
694 677
590 506
59 715
308 972
256 181
737 153
66 464
360 981
959 453
337 830
726 432
12 261
52 295
626 892
511 340
168 198
427 774
347 266
649 412
690 454
326 49
375 874
838 412
35 20
836 834
323 785
613 432
219 522
805 783
898 428
516 771
405 844
446 518
379 503
368 297
850 251
6 64
504 451
574 519
21 653
106 977
373 370
855 433
384 178
60 776
991 716
407 960
129 297
720 591
746 237
654 551
178 292
234 850
772 332
737 486
97 809
904 220
852 356
396 181
914 771
386 424
463 847
431 555
454 760
129 573
422 410
152 831
119 228
664 105
529 745
355 978
463 413
564 713
859 552
955 986
708 13
47 404
11 591
193 939
196 577
770 349
908 537
909 251
434 144
316 172
67 581
157 262
678 829
592 745
955 441
984 546
941 953
767 692
916 625
574 390
651 362
694 268
578 877
735 107
729 134
923 522
274 755
538 420
577 573
452 476
847 190
29 523
304 22
13 423
587 507
642 866
699 127
664 395
594 107
9 653
711 960
678 732
164 495
845 751
220 886
524 639
63 280
690 553
415 245
716 553
294 403
312 334
232 214
947 241
328 713
151 310
943 415
143 687
549 474
598 323
72 653
953 372
860 336
874 794
168 437
832 135
745 874
466 531
732 173
326 145
254 626
42 777
613 9
375 202
525 835
877 207
82 978
893 79
885 944
860 480
221 92
729 588
987 909
568 846
736 651
879 509
133 220
105 685
738 629
463 852
430 591
32 346
280 76
799 249
416 541
401 260
368 369
775 207
617 47
925 916
268 441
326 131
20 871
746 476
620 163
826 932
229 114
979 763
945 372
50 263
895 504
906 617
672 923
113 43
924 207
672 325
211 835
823 898
680 404
278 423
833 60
869 283
140 534
839 2
517 740
380 268
454 325
583 690
277 939
832 227
406 74
209 593
