2782.21964965
2899.0420811
2901.43879944
2945.28297965
3092.35138965
3108.85819669
3175.70459111
3220.32558789
3220.40996965
3348.46854965
3461.55260965
3545.06006277
3592.59309965
3608.36349642
3667.51270434
3682.4546511
3695.60228965
3704.19873314
3823.69724965
3924.87546814
3960.75615965
4075.78309965
4098.45259099
4132.80455965
4219.83658965
4316.88934965
4447.92983965
4473.9983882
4567.2190678
4594.99824965
4758.06157965
4797.82275317
4845.09360965
4857.12998965
4916.13071965
4957.1687353
4986.17257965
5050.0764318
5057.20968965
5102.21002965
5124.40228709
5194.26859965
5215.29408965
5296.58242369
5350.36970965
5362.36249965
5437.40173965
5548.44180965
5559.46565934
5573.553312
5599.67800018
5623.48104965
5649.22277796
5687.85319405
5695.51021965
5736.56510965
5748.32836067
5832.56912965
5835.63351965
5915.59873171
5991.73462965
6018.64843965
6048.75608965
6094.00523197
6131.73249965
6142.19013695
6185.81499965
6244.81655965
6282.86775965
6369.89978965
6430.89586965
6498.94237965
6528.29771702
6559.93845965
6595.99513965
6662.94764965
6667.03224965
6668.70022389
6696.09930461
6776.03170965
6779.63511182
6798.07273965
6876.82212187
6877.07938965
6905.75146017
6954.17384965
6974.13214965
7051.22660965
7077.14133965
7178.53640224
7190.22539965
7247.24685965
7293.51155812
7362.27379965
