4932.4446706
5045.5287306
5158.6127906
5321.6761206
5449.7347006
5546.7874606
5643.8402206
5746.8494106
5803.8708706
5959.9719806
6047.0040106
6176.0466006
6291.0735406
6388.1263006
6517.1688906
6645.2638506
6808.3271806
6945.3860906
7016.4232006
7119.4323906
7206.4644206
7305.5328306
7491.6121406
7604.6962006
7760.7973106
7888.8922706
8017.9348606
8154.9937706
8258.0029606
8386.0615406
8533.1299506
8661.1885306
8792.2290206
8879.2610506
9065.3403606
9228.4036906
9391.4670206
9538.5354306
9666.5940106
9765.6624206
9912.7308306
10013.7785106
10116.7877006
10229.8717606
10342.9558206
10456.0398806
10543.0719106
10690.1403206
10821.1808106
10924.1900006
11087.2533306
11250.3166606
11379.3592506
11494.3861906
11551.4076506
11682.4481406
11813.4886306
11944.5291206
12073.5717106
12176.5809006
12304.6758606
12460.7769706
12561.8246506
12698.8835606
12811.9676206
12943.0081106
13040.0608706
13226.1401806
13340.1831106
13487.2515206
13601.2944506
13757.3955606
13904.4639706
14032.5589306
14169.6178406
14306.6767506
14434.7717106
14533.8401206
14661.9350806
14809.0034906
14922.0875506
15025.0967406
15128.1059306
15265.1648406
15428.2281706
15527.2965806
15642.3235206
15745.3327106
15842.3854706
16028.4647806
16125.5175406
16253.6125006
16416.6758306
16473.6972906
16572.7657006
16700.8242806
16856.9253906
17043.0047006
17156.0887606
