1

324 1764
264 68
75 104
96 211
23 183
209 287
120 217
67 137
231 48
200 145
41 57
189 81
286 99
128 77
221 235
112 297
107 185
220 37
203 167
73 228
133 304
183 115
13 101
254 220
26 208
84 273
212 15
230 165
93 8
290 210
12 50
272 207
274 223
303 104
40 315
59 9
24 21
261 296
281 55
119 83
247 30
104 280
15 148
204 294
95 175
66 259
107 79
128 273
152 34
79 82
317 174
155 63
31 223
145 5
56 115
233 279
251 208
161 133
217 32
203 85
61 282
45 64
211 296
164 5
203 34
120 238
48 123
32 202
234 282
272 174
293 61
243 232
132 183
170 14
304 238
322 197
125 282
289 65
202 72
20 215
121 120
305 276
308 202
111 263
105 103
50 151
235 145
308 121
79 32
167 270
320 204
104 254
255 221
5 72
234 118
195 3
158 149
313 76
146 250
324 127
292 64
40 142
194 200
123 281
52 222
201 10
37 42
232 244
234 85
253 258
222 292
8 164
213 47
242 100
246 41
35 295
312 10
62 90
141 95
79 167
254 155
111 173
24 306
62 180
109 140
322 321
324 109
18 70
275 22
99 177
7 104
121 252
267 304
128 143
48 77
294 161
294 48
259 110
43 173
6 51
137 288
318 186
252 253
48 143
89 67
317 83
204 94
136 125
138 99
174 232
31 161
311 81
222 195
187 111
298 166
164 219
75 88
239 307
22 234
282 15
70 166
312 176
97 4
296 185
79 13
177 61
275 279
50 75
146 109
242 57
235 218
293 123
149 145
188 263
48 12
269 194
272 255
246 148
133 88
266 46
25 108
256 200
168 122
4 256
319 39
79 296
286 242
288 253
290 209
219 189
121 152
123 140
127 283
129 198
76 62
59 222
259 149
14 305
201 161
294 92
245 125
252 1
316 311
304 5
98 151
321 265
160 177
315 65
8 301
82 204
82 299
123 114
306 123
300 170
143 278
313 132
4 72
190 194
221 110
44 54
103 78
160 309
234 324
201 194
237 177
283 251
269 260
168 254
11 47
133 37
224 309
314 244
99 192
266 115
298 253
292 266
183 92
169 291
65 143
66 311
229 217
277 120
8 57
28 164
72 86
255 176
292 142
24 266
64 22
100 217
28 219
190 46
249 165
98 2
34 97
116 104
82 72
72 206
168 236
5 177
33 119
67 309
293 1
59 130
6 293
130 171
101 47
156 193
81 112
131 88
227 44
129 18
183 195
39 126
188 142
230 273
236 53
310 194
297 79
100 207
232 266
124 296
12 130
51 306
180 214
1 183
295 120
95 214
27 301
193 69
212 156
14 85
53 6
310 42
94 263
187 217
142 185
239 225
43 314
42 75
78 208
105 150
19 217
235 294
264 208
159 203
84 288
215 224
316 312
55 138
263 302
195 140
269 3
17 42
164 303
222 253
98 55
179 286
235 114
36 318
2 126
156 93
286 162
94 241
294 290
53 177
120 246
123 259
20 310
26 93
29 160
323 72
55 218
45 32
247 228
38 44
178 210
253 78
92 204
114 33
5 158
173 298
144 72
273 33
57 268
312 4
60 303
31 181
108 99
78 293
26 282
245 150
228 271
324 103
160 39
242 72
187 200
264 197
48 146
249 60
87 158
73 289
1 12
5 135
192 300
320 74
66 185
174 308
144 152
195 26
282 58
32 120
15 303
309 137
39 16
169 49
150 125
25 143
226 21
194 61
58 176
108 216
318 187
87 63
302 64
56 192
230 294
215 157
231 317
130 147
44 301
248 112
212 94
313 111
266 194
161 35
126 271
53 117
167 205
27 141
95 202
282 302
229 42
184 218
38 213
225 296
228 291
161 75
257 21
39 174
242 54
82 2
282 23
263 91
232 252
53 126
310 18
239 168
188 256
195 206
17 104
96 281
79 21
281 70
88 3
113 13
204 220
239 320
23 148
320 272
289 224
318 117
48 4
47 84
34 235
185 288
299 149
284 44
16 236
168 98
316 42
211 196
249 121
226 283
141 226
238 196
293 253
187 29
63 264
251 322
144 296
133 218
134 216
63 194
250 301
154 55
146 285
280 54
147 125
7 263
49 21
160 240
197 149
108 171
204 316
200 22
50 98
226 301
7 37
16 51
255 138
226 83
178 283
243 182
79 233
262 12
304 205
14 214
125 166
271 301
41 276
59 85
278 140
290 131
57 47
193 226
167 231
124 192
291 277
40 250
38 293
315 87
155 219
174 286
12 141
306 101
131 82
223 45
265 178
102 12
272 44
110 188
113 179
77 322
119 310
194 235
72 94
200 147
54 82
309 202
25 277
137 89
321 276
162 51
145 9
220 176
82 177
34 209
242 132
127 180
164 130
183 173
259 174
82 64
122 276
303 130
269 302
8 40
45 221
182 129
95 253
271 37
269 287
215 66
148 9
236 154
79 196
157 45
28 3
38 108
84 282
32 256
88 274
311 200
149 200
12 43
160 164
197 225
241 15
1 143
2 311
257 37
45 190
157 171
107 70
70 78
228 36
156 265
307 66
176 145
94 41
153 76
127 163
309 12
183 184
33 139
199 24
255 207
278 18
261 58
287 192
200 143
125 235
79 211
281 8
246 255
270 42
254 111
274 89
91 286
238 20
241 208
261 35
68 102
288 308
292 209
28 270
148 57
295 142
45 24
29 297
122 324
149 10
223 298
231 247
73 288
74 190
165 138
151 278
60 295
133 98
7 311
323 57
31 264
276 259
40 256
278 197
279 116
214 317
231 169
183 135
120 157
211 147
307 49
110 109
239 156
266 160
179 107
56 169
129 309
238 145
94 122
136 193
6 49
213 78
74 81
181 292
113 234
258 136
60 28
72 7
134 292
292 206
225 165
134 98
222 193
118 301
120 60
231 141
35 53
182 164
219 276
275 38
296 300
100 49
246 48
48 23
204 292
218 164
121 176
297 279
141 158
188 223
300 78
28 75
155 10
1 111
145 29
125 16
218 175
293 202
187 14
64 142
175 234
179 312
200 296
102 110
243 184
252 4
62 119
210 199
137 190
111 304
296 282
314 217
248 168
121 158
107 7
35 202
239 33
133 79
104 305
192 53
112 177
185 221
186 213
269 272
35 40
148 265
252 114
280 48
21 118
151 157
44 57
190 168
283 13
51 25
75 175
275 170
104 312
322 147
126 3
41 297
62 241
250 298
111 209
24 211
183 147
219 141
309 254
258 22
169 30
190 83
48 51
36 135
132 232
317 308
14 204
37 224
301 246
3 161
95 112
23 162
120 206
84 263
69 160
166 229
190 90
295 254
247 12
25 119
21 175
211 218
200 30
18 125
281 323
10 259
307 105
74 241
243 17
26 124
64 295
155 45
151 171
183 38
185 323
67 108
181 252
131 85
136 104
318 319
213 6
65 150
142 2
67 138
52 254
2 77
59 132
29 218
251 86
10 323
108 2
96 308
315 111
104 276
12 133
1 188
112 212
311 300
97 299
66 263
213 15
7 314
15 322
53 59
3 148
45 220
288 297
222 102
101 197
302 318
180 33
205 103
279 90
249 181
181 206
271 315
3 12
62 148
301 218
194 308
2 172
170 317
175 76
267 167
276 95
43 316
280 137
135 174
247 16
246 324
217 37
271 256
39 153
39 292
8 72
65 105
139 56
267 79
196 63
107 57
244 291
217 199
235 24
271 198
20 99
100 305
248 79
313 72
97 318
283 215
175 280
261 57
120 221
204 53
5 36
64 282
108 102
56 4
203 247
21 287
156 211
66 165
175 176
21 213
208 137
254 255
208 24
12 66
290 41
302 275
174 218
185 182
209 72
320 117
2 239
133 282
121 15
218 89
312 158
77 279
95 72
279 10
134 105
120 262
29 31
268 211
18 272
19 25
165 26
224 255
206 259
190 18
298 66
268 277
52 87
19 134
226 139
186 166
52 312
72 1
98 288
118 242
13 265
308 81
130 231
245 288
122 96
322 181
207 297
13 32
276 291
188 202
47 202
53 106
255 226
4 255
155 125
250 53
160 277
162 9
255 292
112 62
294 223
304 309
269 94
165 293
157 179
289 123
180 129
110 141
49 269
120 283
54 18
59 197
151 230
262 47
173 53
86 84
200 290
224 115
310 97
169 153
115 318
226 263
266 203
303 66
86 310
146 302
277 286
61 12
120 290
285 302
89 94
196 159
108 41
280 82
155 248
160 237
36 250
256 203
114 147
187 126
229 279
301 138
304 178
267 6
199 85
317 10
300 70
302 91
51 226
320 129
11 138
32 320
145 42
58 227
27 10
249 142
31 153
107 216
269 73
151 185
204 213
139 232
250 288
288 152
24 205
161 52
144 12
293 106
189 73
190 169
28 201
194 76
54 150
64 12
92 7
186 76
247 272
110 24
2 97
101 160
216 32
321 176
89 140
71 307
114 188
294 77
300 156
50 106
86 227
290 134
312 231
23 189
218 17
75 207
227 51
320 150
283 26
162 63
200 246
168 287
5 110
172 319
246 135
140 272
89 149
83 5
19 190
20 48
207 280
102 11
235 35
149 74
197 99
41 52
260 261
99 311
210 315
275 192
223 158
243 129
154 217
229 126
148 4
108 155
71 289
130 277
150 261
45 81
263 30
139 20
217 66
282 232
152 169
300 33
194 233
115 34
151 160
177 240
228 210
105 169
106 57
307 271
321 52
84 285
81 173
93 4
130 14
6 206
299 225
249 180
274 106
223 29
143 129
50 31
270 316
50 295
181 165
271 146
310 262
221 270
228 192
2 309
189 150
264 211
74 131
131 261
225 21
289 174
256 108
263 299
177 27
216 10
291 111
111 45
286 278
21 203
156 88
74 138
62 278
285 162
179 30
224 226
76 120
188 79
324 212
235 108
89 108
91 272
167 42
208 25
189 25
106 319
204 45
315 18
124 244
162 108
181 176
120 41
265 256
233 270
141 120
149 8
306 136
166 174
39 20
116 314
195 298
33 219
198 320
225 169
34 58
237 44
20 121
19 246
39 283
218 33
1 26
111 286
134 291
215 129
57 214
279 30
246 87
203 288
21 297
168 43
264 246
51 142
75 52
97 7
184 103
75 133
61 106
245 253
195 82
252 129
108 75
6 46
225 220
15 276
238 71
113 225
104 39
172 138
305 301
182 65
148 237
99 163
232 310
34 212
73 23
221 183
135 310
39 218
78 260
226 149
264 21
321 68
110 202
162 227
151 91
104 46
53 123
146 248
76 172
186 35
4 238
221 264
263 229
218 173
292 254
42 127
317 295
19 165
3 63
103 317
265 227
182 39
183 282
210 209
140 251
277 140
93 181
96 204
7 48
268 23
226 92
305 30
219 39
293 250
152 108
154 205
271 216
97 269
192 114
178 61
112 313
140 17
315 291
261 232
110 220
291 247
55 317
13 147
17 80
242 256
136 290
246 141
138 10
284 61
107 201
97 262
9 319
211 266
131 291
290 317
67 158
50 250
251 272
234 312
307 98
153 195
200 247
211 148
59 249
279 73
247 14
197 320
270 67
114 180
43 240
209 299
283 244
213 123
178 47
183 201
191 153
231 54
179 52
23 198
128 220
320 238
180 93
113 86
282 166
157 240
19 198
97 272
263 25
251 177
91 229
102 286
190 251
311 247
294 149
226 96
194 25
200 229
295 238
175 158
96 112
191 62
110 74
177 159
181 298
56 130
56 311
292 184
315 9
81 142
100 203
246 126
138 95
194 16
12 47
251 97
69 42
19 103
133 147
210 112
177 121
96 213
165 258
20 206
99 2
63 232
182 101
93 235
94 267
314 37
315 145
270 317
145 111
263 181
95 66
27 79
119 182
63 134
16 161
81 16
102 165
142 172
187 185
280 314
70 77
275 1
78 61
273 43
220 233
148 171
226 13
27 68
249 212
297 69
296 99
26 276
89 249
112 251
20 220
102 47
68 235
124 24
319 314
140 18
296 219
226 4
156 178
89 99
40 277
133 142
49 89
177 108
323 221
217 53
165 317
97 130
264 194
121 4
66 210
232 1
181 72
129 305
26 49
283 95
287 202
240 80
81 234
154 288
248 240
181 191
38 173
282 140
119 50
252 228
5 320
313 88
62 182
63 12
267 116
86 296
72 83
121 245
309 140
184 288
56 142
235 130
19 27
238 141
280 120
317 258
234 54
43 171
279 113
265 264
89 204
181 41
97 132
247 312
212 270
212 187
141 193
181 90
5 140
60 304
171 156
134 288
46 70
29 22
150 251
89 164
16 132
298 184
82 125
13 94
236 297
312 319
82 12
213 60
288 237
96 144
98 313
28 231
266 86
12 105
286 45
197 35
184 104
241 73
41 116
97 119
206 275
7 294
304 311
177 63
134 240
65 212
146 111
20 255
41 323
191 118
232 125
218 48
292 97
32 211
188 261
268 204
107 307
219 64
133 235
315 287
282 19
263 87
306 173
36 6
241 234
39 59
7 82
249 282
35 198
316 184
159 105
125 158
54 154
183 119
3 62
208 214
133 212
83 268
140 253
89 40
143 271
206 63
141 229
182 36
57 128
48 80
38 36
24 49
238 55
6 129
121 268
54 157
41 293
296 59
278 255
226 164
230 41
91 152
111 213
314 124
188 232
283 145
11 52
91 322
164 65
39 41
4 221
34 254
308 62
46 136
316 78
84 210
104 315
181 238
186 219
225 311
227 55
45 100
138 147
302 248
240 186
38 77
205 286
192 226
247 274
266 226
143 215
276 46
287 19
294 67
227 60
252 44
221 257
65 58
286 232
52 235
49 273
179 206
81 68
118 243
122 270
34 297
217 127
199 59
93 159
264 136
297 64
264 279
269 26
310 307
24 13
150 168
66 69
252 179
218 312
66 244
87 227
203 53
169 229
80 115
207 144
142 176
148 159
64 187
133 24
9 10
137 93
47 125
278 92
277 179
66 92
67 86
14 164
199 152
184 143
294 116
24 131
33 75
200 15
292 42
97 214
30 264
71 243
273 56
180 44
26 259
214 274
186 134
279 196
63 235
321 3
124 11
91 271
240 221
114 49
121 225
53 178
58 47
261 69
27 78
191 260
85 257
130 182
42 52
297 196
227 240
323 238
72 153
162 176
183 191
258 169
187 184
265 169
303 156
91 203
119 281
69 138
94 130
152 47
117 291
7 147
320 203
142 308
163 90
277 206
45 34
301 184
169 176
121 62
161 1
116 248
118 236
93 109
319 138
231 276
238 318
257 154
227 254
98 111
178 115
70 45
61 294
300 111
96 140
95 76
140 10
179 97
292 221
221 79
33 64
130 131
24 119
106 2
126 65
143 301
292 307
314 72
207 213
284 296
91 222
92 192
11 208
18 271
112 3
154 316
101 239
85 293
7 320
304 137
185 45
207 210
124 38
87 146
22 77
2 176
23 252
189 41
155 121
108 63
175 219
270 144
299 61
161 188
144 148
205 320
212 195
233 143
54 111
182 80
294 64
152 227
162 4
56 180
129 245
200 190
119 107
291 50
294 45
207 307
281 232
270 10
255 7
40 76
279 247
119 322
247 265
139 87
285 236
33 115
56 204
96 168
208 7
213 181
177 230
132 229
91 28
293 259
168 121
29 120
265 290
67 189
90 265
240 150
22 296
315 286
228 98
67 164
123 323
159 129
54 121
277 283
139 278
50 167
69 89
36 150
19 54
44 113
24 43
103 195
153 7
134 227
228 154
265 144
254 185
310 127
186 185
97 191
206 60
142 210
150 18
98 163
269 245
71 169
298 10
183 79
21 144
205 222
211 203
46 317
232 196
180 300
117 61
230 185
142 213
39 40
190 172
89 20
31 242
226 205
86 124
315 301
18 244
132 124
241 156
97 58
46 109
105 42
162 35
276 158
259 190
213 112
244 127
38 69
168 228
209 294
135 111
284 272
267 191
146 273
76 210
188 289
176 243
17 79
200 249
54 244
152 124
318 226
156 201
230 64
109 39
147 323
96 100
