969
51 86
417 201
819 186
46 491
192 234
273 55
17 27
56 2
720 480
129 157
475 536
230 11
290 273
61 65
582 88
732 897
110 95
745 306
256 877
311 447
534 30
194 598
8 177
450 415
490 81
196 229
334 385
34 208
775 167
684 671
322 420
64 168
245 474
368 681
630 613
539 344
10 15
12 21
237 350
231 344
15 49
227 764
543 579
805 739
749 839
128 616
816 913
6 886
735 704
726 849
266 470
96 148
506 573
424 903
360 853
55 28
391 159
12 31
237 89
201 191
127 923
7 111
898 156
68 781
95 160
5 386
348 104
28 759
606 669
732 490
199 413
629 419
114 744
573 734
8 9
22 574
435 111
544 436
599 957
806 669
397 932
29 187
522 614
16 337
65 402
342 560
272 767
234 319
261 310
477 369
904 808
46 166
494 65
78 351
713 224
269 233
439 402
390 136
369 159
122 245
298 189
930 600
579 925
586 717
639 118
164 711
844 615
346 908
632 878
79 603
279 373
19 139
553 459
104 31
45 876
384 207
142 601
749 92
437 438
98 144
537 306
837 940
78 158
42 223
556 791
98 200
408 81
541 306
239 263
406 136
571 511
60 728
101 342
434 39
731 210
338 874
128 513
759 887
578 920
84 286
484 381
115 504
512 303
266 497
232 116
146 34
838 574
647 235
418 162
636 50
199 921
11 9
126 330
27 956
788 962
503 546
425 386
32 833
407 356
482 899
423 225
511 693
590 31
698 884
574 773
101 149
549 493
179 222
37 267
623 105
105 102
756 419
296 530
195 652
82 40
939 540
13 3
934 619
262 892
915 108
363 166
683 356
95 542
158 218
712 192
389 136
75 126
112 33
821 119
25 394
931 888
44 21
1 7
64 670
863 635
242 283
622 722
370 3
574 621
854 617
943 862
195 35
344 426
76 399
691 298
933 734
274 106
936 553
151 400
492 528
850 99
182 333
660 444
419 32
210 380
261 200
404 44
436 360
462 249
161 2
146 226
707 328
91 382
55 162
313 492
6 837
80 885
471 16
44 164
13 45
941 401
818 389
249 967
608 327
376 167
372 906
51 239
777 589
665 900
66 306
503 252
740 698
87 67
9 70
334 10
82 673
142 23
337 688
811 847
244 827
51 442
779 1
620 815
831 195
206 445
496 701
91 552
517 334
48 324
585 200
287 918
760 420
890 751
288 92
12 156
157 199
947 350
192 316
36 77
587 39
99 676
53 295
161 172
902 823
241 516
297 254
5 657
209 4
255 768
175 77
278 398
566 442
173 116
460 198
23 34
35 11
789 430
81 248
34 129
60 37
531 964
295 807
600 247
1 190
268 588
489 733
29 21
350 432
790 62
102 133
799 824
270 267
391 911
927 178
13 50
280 584
517 615
10 28
241 131
108 747
32 28
202 493
104 545
113 870
501 207
754 274
32 377
518 44
230 525
97 43
296 291
252 56
172 825
694 524
203 305
40 882
203 98
439 467
326 106
780 302
412 324
143 41
8 169
89 774
2 63
437 216
646 388
238 451
169 704
429 350
733 823
428 377
499 481
796 195
459 180
131 856
219 125
576 292
182 340
12 562
866 163
74 38
225 59
433 889
65 121
519 337
570 9
687 46
115 482
194 559
327 308
545 741
323 246
862 186
22 792
164 480
871 371
347 875
19 602
891 912
108 49
200 255
944 282
672 798
53 98
181 102
379 311
122 73
153 6
12 628
365 843
487 771
661 159
571 649
228 197
753 166
685 43
916 410
709 38
656 800
257 149
752 285
543 318
152 10
794 376
430 133
587 808
207 224
47 5
595 393
738 577
393 187
857 249
57 88
637 123
277 123
536 797
429 577
51 29
20 427
489 500
6 125
6 10
881 705
354 319
66 25
852 734
444 214
842 907
583 94
362 488
325 23
328 183
10 19
145 457
102 63
101 150
43 16
211 453
532 659
937 802
193 138
613 148
873 737
57 61
156 787
835 858
9 23
404 697
642 434
644 181
59 42
882 905
8 766
424 622
261 479
665 917
16 312
367 355
718 474
495 174
247 14
40 138
98 107
284 81
4 835
1 3
671 555
845 178
398 578
194 100
211 289
194 830
93 176
581 730
762 524
377 381
627 855
285 209
227 466
737 328
91 776
820 39
612 496
347 353
442 564
126 589
311 743
804 157
346 323
387 721
27 424
69 30
214 69
403 241
864 707
35 329
483 865
18 275
296 454
38 347
128 668
123 19
209 489
35 85
64 73
62 511
9 736
27 37
247 680
527 860
654 544
70 72
206 729
766 817
340 784
14 3
6 463
72 249
679 221
655 535
268 266
26 23
597 284
311 285
31 611
315 192
1 4
172 521
49 332
359 358
531 121
955 126
674 128
565 386
341 122
169 220
748 526
120 317
309 510
831 861
345 314
633 362
87 140
458 271
152 515
133 575
625 492
83 664
109 802
569 75
21 486
803 150
100 55
456 168
663 130
662 179
17 22
121 254
79 92
100 895
280 230
635 508
70 372
68 89
25 83
356 31
524 724
336 645
16 40
897 909
810 47
271 54
952 917
213 339
631 345
467 532
640 700
242 411
66 75
30 197
133 260
338 508
497 591
152 278
469 464
279 67
137 349
416 336
606 575
372 869
924 127
87 507
217 187
52 461
928 571
10 39
414 196
958 81
184 106
313 91
433 883
308 210
214 901
316 397
246 153
410 10
191 57
832 671
258 366
343 88
665 98
602 783
67 1
26 641
111 159
316 785
409 53
243 105
113 29
641 946
58 141
130 154
698 356
242 228
554 134
965 323
481 392
751 656
38 16
111 604
696 219
448 332
619 117
365 351
165 71
628 795
558 229
264 207
756 867
523 592
828 431
403 581
134 272
599 574
836 813
198 617
99 116
506 341
89 395
948 387
90 258
128 318
161 236
128 40
87 90
71 422
62 706
20 1
320 223
8 1
910 110
630 634
251 142
185 32
7 42
446 166
237 259
757 23
217 309
522 16
726 668
36 13
116 151
132 77
65 84
304 102
524 8
557 276
822 358
301 475
678 524
154 689
268 561
271 368
170 179
90 134
180 132
705 494
282 101
605 315
425 548
814 260
153 265
38 739
266 211
26 632
626 596
433 593
363 961
291 14
28 276
574 627
22 30
294 87
198 95
609 175
433 212
205 162
719 148
331 378
963 647
888 756
54 41
20 388
623 708
960 60
189 146
275 355
840 425
106 100
586 651
205 216
292 84
449 60
178 695
951 323
466 880
575 677
357 139
101 52
190 535
174 105
829 468
526 210
841 384
300 268
336 19
557 834
498 436
645 667
8 78
1 147
18 9
360 82
80 71
10 212
59 227
287 137
118 82
879 155
383 666
14 155
700 809
352 314
811 40
335 316
213 134
122 440
210 184
9 204
179 396
198 555
41 26
782 677
244 7
335 725
44 163
373 455
10 596
31 563
281 872
127 27
303 938
270 387
174 405
638 208
154 801
452 200
793 529
767 894
914 650
401 692
235 38
339 949
257 690
68 769
25 6
235 568
24 114
339 953
747 945
416 502
715 289
15 57
288 618
567 311
3 16
262 80
330 896
186 66
742 302
65 371
550 49
954 358
1 2
45 540
703 142
644 816
374 21
233 39
4 358
443 266
868 212
648 496
240 107
893 692
299 207
699 702
472 201
142 607
959 257
786 725
8 76
487 287
551 538
626 750
529 129
577 682
812 40
851 751
94 65
659 758
17 46
755 57
813 594
97 215
672 333
727 308
321 164
13 103
586 177
966 606
58 929
221 50
547 366
799 292
40 130
260 314
119 109
926 692
251 765
87 207
8 17
538 280
73 441
93 43
447 656
150 465
171 36
124 122
62 14
131 145
178 150
12 9
775 788
16 238
40 96
66 109
13 64
650 108
159 675
478 386
557 699
62 523
213 624
653 190
65 136
516 658
115 19
401 246
242 842
81 137
32 167
303 227
31 95
135 77
157 211
415 61
120 5
161 723
328 362
520 391
20 714
107 196
64 770
253 60
206 30
192 69
549 620
