1000 4881
570 898
269 239
822 311
697 145
626 857
41 424
993 859
758 303
940 275
597 798
517 118
624 688
964 854
953 55
879 307
951 198
772 33
253 271
612 491
281 113
809 327
523 394
290 280
302 895
326 253
267 382
413 318
548 815
18 795
402 506
403 504
459 759
978 347
389 378
651 358
764 992
892 218
341 76
83 501
566 415
96 211
677 341
899 632
408 611
918 377
683 209
279 149
26 570
996 211
870 171
321 461
319 78
1000 800
801 270
747 643
453 441
537 603
877 272
460 16
206 99
483 698
500 836
48 807
103 425
236 613
879 909
206 525
476 176
175 560
777 744
503 16
327 590
409 121
61 549
357 46
216 910
657 291
860 511
83 135
420 130
348 423
95 256
978 916
497 441
870 356
139 746
47 493
487 394
876 448
770 904
933 460
220 60
976 706
167 946
12 740
193 450
878 986
191 898
732 602
470 225
736 1000
92 697
255 223
658 650
917 499
79 941
265 15
44 335
506 768
305 928
489 463
343 616
677 269
769 36
110 59
313 283
633 705
795 261
192 905
355 74
742 33
241 519
405 180
367 351
318 697
37 901
814 473
63 336
28 342
287 952
101 223
143 456
823 655
384 319
311 289
156 337
444 134
725 312
356 445
528 166
68 231
430 522
982 237
597 61
326 230
943 368
185 120
97 151
403 740
552 243
117 680
40 424
934 973
410 133
726 978
31 760
106 884
81 829
804 501
293 510
496 539
3 302
990 848
885 238
838 51
834 902
523 836
11 779
502 237
506 890
432 702
97 519
56 965
107 650
972 627
600 58
248 659
439 163
278 306
726 221
999 146
444 603
248 76
376 146
311 105
287 416
589 246
93 369
735 242
193 974
654 312
622 955
698 805
880 640
827 964
682 500
169 516
561 342
759 230
37 196
235 736
726 288
944 346
677 740
489 291
769 761
683 167
111 372
822 239
865 743
886 239
500 11
728 249
213 895
379 36
281 652
174 385
914 767
202 224
682 278
521 217
578 977
997 613
67 296
282 361
265 283
670 783
820 534
115 751
958 807
456 619
707 301
737 750
521 407
739 296
903 158
65 563
706 547
467 899
685 7
764 288
250 359
385 435
566 161
513 811
236 137
403 387
457 427
325 205
220 37
276 823
837 583
832 117
143 50
635 53
764 573
782 505
271 105
88 485
658 4
844 743
183 547
209 84
114 435
159 666
137 786
248 566
45 340
798 146
601 118
13 533
657 196
832 250
803 376
953 656
241 489
517 601
308 508
812 506
371 858
781 219
430 940
434 531
645 572
701 591
150 319
227 78
212 845
216 648
596 755
52 867
881 871
843 511
284 400
114 740
940 920
481 146
891 932
875 475
395 277
464 502
787 351
550 762
679 72
438 800
169 798
793 855
574 187
150 537
464 240
654 243
378 637
624 936
288 877
346 252
492 371
629 13
274 848
224 656
170 507
634 33
851 54
290 392
245 774
149 79
486 239
509 884
987 288
746 616
538 609
921 113
192 718
946 910
484 977
231 242
985 7
162 983
552 179
392 120
271 392
720 239
421 27
249 158
354 549
169 503
744 229
959 62
605 463
437 949
431 667
706 590
972 512
662 460
912 452
226 747
135 734
797 864
524 293
263 275
249 800
123 644
235 635
198 525
235 277
779 734
310 810
826 947
350 856
477 368
833 767
137 877
528 106
431 505
15 259
509 95
132 912
810 623
741 660
143 45
742 439
373 197
357 704
566 60
321 554
394 893
605 847
704 547
770 346
402 288
397 635
198 122
886 663
940 910
597 155
483 128
471 440
985 633
233 22
624 859
325 952
579 603
720 254
664 643
261 335
918 8
131 838
906 576
690 491
949 53
677 493
126 556
715 516
365 237
807 922
809 463
811 479
916 264
27 518
961 241
156 757
464 233
344 642
53 432
625 791
832 693
3 90
974 130
4 417
43 51
206 669
501 821
891 407
586 438
730 42
521 617
659 285
678 587
725 406
271 414
838 729
311 136
918 400
398 360
992 602
781 850
837 283
949 810
87 838
273 699
865 929
885 805
638 438
634 155
615 975
672 633
88 59
167 718
418 234
809 125
855 773
60 161
833 713
461 136
592 110
814 628
341 978
674 964
89 220
343 164
381 465
182 185
772 636
612 806
115 317
316 861
962 853
814 818
204 684
307 591
362 789
880 320
970 923
94 222
721 173
614 913
596 394
437 668
464 999
249 842
654 92
806 836
130 277
862 195
826 416
420 271
52 616
442 195
248 932
997 974
389 697
598 329
599 181
657 598
395 251
220 588
787 55
310 831
996 313
722 672
652 847
765 467
341 22
396 90
750 178
942 225
348 867
97 754
798 775
328 246
708 789
256 805
730 294
931 676
894 25
918 72
458 165
497 563
361 452
190 163
601 632
193 763
489 407
461 126
492 319
365 71
5 636
674 225
115 950
223 185
359 185
319 743
602 655
417 981
460 974
162 134
953 702
664 519
679 168
42 13
81 94
390 992
209 628
827 35
838 537
462 730
167 899
878 931
256 382
217 451
494 194
3 516
26 93
890 655
106 383
764 767
945 947
528 175
308 130
401 480
736 24
343 265
83 213
480 145
578 288
886 361
689 627
229 501
61 732
362 221
780 518
876 599
865 948
526 688
131 239
200 48
155 859
480 635
764 394
582 129
344 186
18 839
66 533
243 800
991 823
668 667
444 237
279 603
726 767
470 542
396 802
751 54
257 121
829 904
22 246
23 774
481 72
746 588
608 946
119 66
936 252
28 840
314 688
916 416
463 465
563 328
263 675
784 619
820 236
765 1
273 234
348 476
616 426
46 808
812 51
577 623
854 347
742 761
658 253
856 109
395 238
752 948
641 714
89 334
328 219
997 451
420 545
241 433
186 217
605 13
81 72
314 310
885 981
102 29
637 51
69 710
159 77
931 714
398 359
21 116
715 950
735 145
723 450
936 433
518 697
209 180
581 374
396 129
542 246
527 624
362 777
626 183
970 584
717 204
292 604
3 643
833 908
886 751
410 214
692 318
718 118
515 340
17 85
917 842
718 416
438 349
574 371
478 164
652 820
187 774
229 821
652 118
637 91
924 197
804 764
70 855
459 2
280 460
316 905
453 261
688 572
618 376
672 779
540 835
492 944
721 774
737 235
421 66
742 429
497 292
811 75
557 854
92 949
873 507
873 846
232 66
105 468
729 895
531 784
327 774
550 895
958 700
318 16
446 37
579 183
909 382
459 65
564 1000
753 305
536 372
420 157
528 520
79 696
99 387
372 99
483 621
389 646
311 328
868 664
177 542
343 234
143 644
626 967
531 128
574 29
132 99
606 452
977 570
728 53
599 455
431 634
748 72
14 75
408 537
474 885
914 926
753 678
476 734
809 212
896 134
521 450
152 283
888 112
872 533
119 311
729 397
78 705
876 753
550 24
970 929
932 888
40 422
828 524
615 905
387 547
824 834
726 825
35 237
497 887
349 896
263 327
261 302
481 217
989 785
183 110
462 607
89 776
608 808
670 406
133 252
81 88
439 948
248 829
482 828
138 369
670 494
584 619
340 152
520 840
236 371
456 148
19 312
295 894
334 815
443 971
890 359
504 534
708 895
563 757
861 454
733 785
642 669
298 684
720 165
441 145
378 35
722 591
347 185
951 312
565 584
864 298
700 347
354 366
870 208
85 691
353 368
140 847
49 889
166 490
498 800
372 224
745 394
230 884
528 160
180 264
474 839
6 183
845 366
94 966
826 691
638 905
613 387
971 973
19 488
523 298
924 68
459 503
553 644
875 510
124 688
430 627
768 846
291 445
124 607
419 821
61 55
703 504
889 225
245 944
395 750
431 819
730 77
322 974
263 447
567 487
551 105
19 543
202 837
586 662
760 370
198 810
687 387
528 579
569 844
470 307
950 388
93 802
131 499
864 14
794 455
652 712
67 836
856 650
502 363
378 655
911 283
178 900
536 103
538 279
663 747
506 203
540 425
209 724
393 74
678 353
322 854
494 146
269 893
788 979
84 966
148 175
958 237
945 699
433 998
730 84
589 729
552 587
94 898
265 48
494 461
994 452
61 758
54 539
389 340
834 54
726 8
712 764
395 660
15 302
235 909
716 617
617 252
594 695
996 700
10 884
924 638
427 190
467 132
278 230
87 136
392 195
200 63
682 952
437 932
60 884
634 455
860 137
265 755
733 311
396 565
588 258
626 205
476 158
3 278
170 103
969 850
357 88
840 425
640 944
401 758
623 711
330 58
661 998
899 604
996 353
82 810
395 618
997 440
930 540
280 30
736 249
438 113
258 190
614 693
354 234
555 176
429 776
175 850
567 987
343 460
689 454
782 166
535 7
496 748
886 643
940 495
942 511
339 38
86 534
421 171
92 310
899 702
865 591
383 940
300 187
614 407
226 161
618 407
128 805
542 602
838 207
822 53
492 680
222 239
168 802
61 179
725 822
908 278
122 451
949 628
458 453
453 847
147 364
24 938
792 556
630 107
577 960
962 846
265 217
232 591
497 948
584 910
930 221
453 74
806 616
715 894
813 783
958 823
886 304
467 888
362 74
868 684
515 80
799 954
718 34
132 705
129 476
613 264
405 851
834 551
119 595
615 366
618 414
484 777
875 363
679 628
948 469
778 794
882 625
828 360
386 311
139 536
26 357
744 456
944 186
393 900
661 817
285 110
115 651
911 624
589 597
326 517
14 560
536 905
263 132
539 33
824 839
688 191
247 316
156 938
232 11
588 928
638 695
914 122
200 489
523 1000
238 33
991 365
623 426
595 173
832 521
392 646
56 325
174 706
66 629
586 1000
882 76
437 556
781 465
350 3
133 108
742 159
526 6
340 29
303 907
87 78
875 433
768 71
536 428
69 522
991 981
958 24
617 524
430 688
872 681
517 955
820 145
947 693
568 743
514 50
476 791
554 966
422 895
921 44
131 859
830 619
389 473
216 663
379 229
144 601
568 598
332 661
713 519
606 583
609 916
424 505
81 275
652 206
375 554
638 419
801 429
423 209
159 880
753 353
164 507
147 421
935 211
461 754
745 575
706 815
735 872
798 857
652 813
767 234
750 54
864 475
94 442
662 439
360 43
689 693
927 397
745 885
482 885
136 800
599 1000
273 920
69 760
157 37
403 986
142 76
329 75
959 865
404 229
594 296
668 551
579 388
799 938
528 300
231 227
552 162
950 749
787 701
946 916
386 693
956 220
830 279
282 757
957 800
615 889
724 541
947 537
434 722
845 330
586 669
443 701
982 739
562 653
188 347
726 183
856 402
674 425
90 800
689 573
625 702
793 986
153 960
860 20
243 705
944 282
254 195
284 77
753 513
877 767
260 143
218 505
950 776
69 286
421 286
876 864
721 486
99 643
559 57
706 543
48 707
191 965
359 664
808 510
826 875
3 211
518 621
481 839
82 405
944 120
818 212
584 175
379 573
729 906
331 96
732 511
589 791
400 965
31 795
732 313
48 356
869 333
465 180
398 232
161 211
87 384
508 14
736 292
726 447
276 335
439 600
78 264
561 850
113 242
967 621
388 479
267 971
948 227
487 673
880 190
700 604
405 522
756 222
112 145
224 556
704 433
322 998
879 682
835 934
343 955
306 757
182 906
329 454
692 47
403 104
787 486
156 368
51 602
486 490
956 719
492 883
206 968
714 75
169 446
761 436
389 673
599 774
212 4
250 620
749 299
18 128
608 187
662 738
442 980
776 694
446 360
231 185
698 7
215 910
414 714
662 134
921 866
639 392
919 102
353 734
355 174
764 760
516 916
201 564
32 157
166 234
347 330
316 264
762 895
164 694
671 237
675 230
70 570
549 299
241 558
287 493
259 622
976 492
45 524
362 185
889 734
138 4
792 893
692 789
586 304
752 8
680 821
203 630
520 234
663 148
756 807
387 604
389 405
796 891
65 957
506 557
824 75
289 436
221 447
199 660
737 789
419 642
295 853
296 855
154 55
431 735
87 756
552 158
933 271
241 153
258 25
6 316
206 948
885 940
63 789
482 635
444 311
603 151
949 399
640 284
312 391
677 297
275 176
294 252
350 489
192 530
482 161
475 693
818 775
255 577
106 206
513 390
659 611
326 118
18 703
113 749
679 566
226 881
992 794
3 904
467 521
628 163
802 105
714 522
783 628
808 128
404 128
923 907
226 992
886 174
1000 50
720 400
690 818
282 43
204 360
182 448
917 78
539 791
886 706
419 422
227 941
377 485
233 995
696 84
624 866
588 376
934 340
614 781
108 831
579 730
750 905
178 161
612 778
444 828
381 284
20 761
679 559
186 225
87 935
207 309
885 156
247 881
321 230
840 900
284 966
855 116
503 643
894 298
608 319
240 180
241 314
824 4
685 447
660 230
799 459
641 492
385 718
659 292
256 499
545 455
169 9
685 464
861 757
199 494
172 242
977 275
727 352
657 236
892 960
520 270
642 974
737 436
624 394
405 473
482 262
121 292
347 71
585 514
857 805
841 488
291 907
899 629
630 900
793 896
645 943
975 999
119 858
83 301
177 475
39 198
181 449
162 268
678 979
552 910
257 920
521 449
124 128
581 105
482 104
946 846
835 564
990 289
997 385
729 839
344 121
362 888
753 566
718 512
958 306
979 651
637 944
982 857
362 62
470 173
326 925
293 779
662 91
699 719
605 115
480 594
978 394
191 877
31 120
72 871
297 549
200 369
932 898
113 219
573 58
170 794
477 432
170 418
739 953
946 366
945 70
357 261
548 165
624 126
218 125
606 34
636 91
772 590
196 302
903 638
709 992
596 512
27 151
393 819
395 414
581 57
559 345
190 643
47 16
728 859
216 912
622 77
587 29
515 712
953 301
437 196
546 181
679 912
828 334
281 69
150 747
279 91
759 279
459 557
818 372
910 957
656 556
803 303
822 217
521 764
934 456
438 109
495 697
41 194
205 249
5 935
725 898
136 451
193 399
177 920
948 521
843 635
626 841
678 709
992 905
439 845
247 634
333 277
210 842
191 966
487 132
11 74
710 7
365 794
393 755
62 778
543 504
730 529
341 294
270 628
126 217
958 105
627 821
424 761
520 622
153 75
102 909
356 296
12 186
819 570
434 398
39 305
753 767
464 50
538 523
43 686
687 649
726 444
671 926
347 877
766 583
640 451
364 302
788 877
39 271
206 834
38 103
403 51
958 718
336 681
906 166
319 304
430 269
765 267
216 977
290 817
550 2
286 789
258 925
438 390
258 463
331 655
80 243
475 29
282 505
262 165
641 121
291 109
347 88
771 791
110 185
872 852
154 744
201 60
218 272
566 261
240 376
755 244
690 396
4 448
137 960
748 380
728 477
891 59
599 490
985 639
30 931
356 470
879 821
771 126
20 320
777 688
67 208
26 63
200 207
730 486
725 583
859 195
56 607
915 213
475 416
295 757
613 619
662 857
391 877
12 217
927 666
247 628
414 619
988 226
988 815
939 312
716 884
291 981
945 676
87 901
879 632
879 55
467 943
909 842
574 489
61 298
615 711
215 400
969 965
466 135
270 352
932 163
879 974
444 468
52 656
26 908
516 767
671 710
746 294
947 572
322 937
568 508
412 740
182 844
66 445
204 51
258 522
111 462
444 500
372 754
658 606
346 243
678 208
93 923
442 600
314 277
357 791
580 966
444 912
856 753
670 884
395 610
214 314
874 602
89 876
453 846
148 810
709 404
956 398
23 122
464 126
280 260
798 991
265 659
710 208
149 549
325 126
92 850
718 587
438 504
774 829
60 432
647 347
117 252
248 720
85 893
599 34
728 698
32 209
668 749
659 706
550 55
838 565
718 622
790 75
206 258
461 10
944 743
172 520
67 691
114 332
933 971
147 263
241 480
222 694
459 124
26 354
796 341
742 884
561 760
18 38
214 317
414 740
437 82
971 697
308 779
647 451
281 139
853 149
266 209
47 377
235 227
659 770
970 108
454 277
19 357
720 225
378 935
756 551
310 604
338 681
449 938
410 592
267 249
32 507
159 510
56 628
790 508
681 352
383 861
338 768
205 429
683 29
65 762
262 60
352 613
690 494
68 302
970 828
641 658
913 661
73 496
469 575
19 140
564 955
37 928
919 545
648 433
423 75
777 88
210 75
212 667
799 161
32 1
555 112
326 168
972 173
186 160
738 597
314 406
962 833
906 242
67 808
12 292
803 51
609 15
645 226
479 84
353 127
64 955
265 91
853 698
658 867
641 634
796 130
248 60
726 847
700 195
119 907
615 517
176 382
602 71
472 747
934 740
166 425
315 404
45 584
203 135
32 851
263 411
563 762
766 471
916 643
52 30
127 76
678 340
457 80
421 757
815 11
865 541
79 292
462 84
356 926
929 180
834 311
971 465
326 4
996 559
830 738
389 82
979 731
891 262
766 811
606 931
123 874
253 450
73 487
438 710
130 655
946 613
390 243
946 736
926 449
801 534
17 7
620 25
827 530
421 365
3 747
82 774
692 936
397 926
54 234
453 802
809 825
421 163
538 632
406 2
502 54
106 816
947 282
162 427
110 920
40 905
681 925
167 702
496 512
540 46
668 27
410 240
647 9
729 470
734 955
531 104
679 960
459 734
209 29
652 519
482 734
635 794
430 429
384 29
481 313
553 187
310 456
535 346
793 930
645 83
5 599
11 941
194 455
530 365
420 908
256 686
314 573
994 382
262 254
85 937
527 470
446 778
841 511
735 618
924 250
92 193
678 465
442 594
982 1000
343 54
314 217
478 635
724 291
83 105
321 310
319 642
5 73
808 603
456 501
825 723
935 871
789 104
989 907
848 33
406 905
540 84
689 889
782 340
52 452
586 195
202 63
884 925
848 363
943 194
281 255
979 148
525 292
398 667
909 58
674 980
125 448
144 252
327 723
185 923
247 466
169 351
248 781
281 645
81 736
818 385
841 301
808 920
627 358
964 490
574 244
885 60
577 763
292 629
231 926
32 688
489 414
307 387
606 293
607 116
792 821
409 10
65 373
672 475
927 456
172 795
959 67
271 928
167 583
294 542
81 898
926 884
48 213
376 194
123 485
692 901
640 126
72 219
456 68
770 859
19 286
39 84
502 803
828 831
741 74
381 152
615 218
673 695
484 997
546 104
506 669
582 874
948 353
924 14
772 547
494 186
294 823
294 858
334 238
580 130
46 546
37 105
504 805
585 364
969 122
71 163
402 630
256 405
295 698
740 594
869 172
355 993
856 570
735 564
947 88
878 627
716 574
804 140
685 842
524 758
822 872
249 10
815 556
87 208
816 582
182 43
864 110
612 964
96 525
453 366
209 757
963 370
854 231
360 146
766 69
469 331
459 191
645 138
806 122
807 663
224 311
956 248
902 275
886 180
616 440
357 613
28 651
201 93
196 293
147 628
290 107
340 445
24 650
484 494
612 119
98 579
209 121
500 83
915 967
798 211
746 288
530 885
106 54
930 59
642 58
181 686
165 361
684 852
828 273
866 604
777 980
333 547
544 953
723 653
756 606
783 129
87 532
418 512
612 963
464 557
329 696
94 264
608 565
255 359
509 552
220 368
675 493
704 525
848 776
706 289
30 895
683 262
658 521
548 562
643 272
563 428
419 602
213 179
226 405
760 351
888 404
100 285
840 57
245 852
589 591
582 232
159 73
434 632
715 386
236 940
457 406
42 857
477 971
439 692
957 908
172 452
906 59
11 571
798 101
599 449
287 404
497 703
953 252
865 703
184 681
573 534
849 488
958 730
814 862
671 740
636 842
746 461
506 371
381 630
384 688
39 543
940 523
280 12
73 62
265 583
176 237
961 16
657 303
235 327
157 952
97 442
678 269
467 686
678 960
964 237
677 559
474 113
883 813
385 29
576 264
830 7
27 925
467 1000
946 571
964 380
222 414
825 543
473 242
555 642
772 388
919 808
991 751
226 577
833 146
279 291
724 999
466 486
638 400
585 868
971 850
201 19
769 862
255 646
383 906
527 862
206 476
641 486
462 319
889 529
928 655
174 190
255 506
979 285
97 435
226 675
228 699
354 241
799 643
11 306
30 551
408 594
290 912
464 881
496 165
513 524
494 997
138 179
746 428
413 928
888 554
968 425
731 711
471 277
85 594
367 868
740 852
737 112
913 409
169 739
372 621
250 885
35 761
731 628
804 259
763 166
879 249
882 47
721 800
89 879
668 406
191 283
374 617
177 227
341 234
983 303
803 925
644 980
26 850
618 353
393 179
410 347
174 304
983 554
417 922
324 783
44 448
491 604
681 105
60 904
756 778
170 405
978 102
321 476
381 489
85 102
32 94
286 185
144 632
199 34
936 910
314 757
391 173
441 884
778 490
339 132
106 883
914 167
823 995
826 69
920 130
575 25
26 80
188 356
115 261
67 443
267 752
733 443
15 118
825 779
200 685
383 167
797 661
194 29
645 881
499 922
730 378
500 619
304 225
751 829
361 104
262 551
920 533
544 819
856 322
617 256
66 272
245 279
826 913
201 610
970 112
182 113
899 993
699 524
685 411
62 273
908 625
339 35
820 755
765 259
969 613
469 684
255 256
863 650
934 622
918 916
614 841
338 665
228 870
287 475
963 800
674 392
589 913
413 287
605 522
706 868
882 487
313 411
946 673
741 416
870 694
724 722
266 861
484 736
95 889
750 342
930 967
550 937
661 239
812 874
648 642
45 175
56 543
138 761
400 898
752 854
52 871
553 220
220 443
505 277
41 498
4 2
777 883
285 740
321 351
670 603
691 120
342 74
520 55
147 400
718 217
313 307
21 610
398 339
209 63
192 913
575 237
340 710
969 767
864 893
266 964
976 871
332 456
199 110
890 91
139 523
341 118
690 747
841 968
254 151
860 136
646 705
919 980
224 523
830 639
915 590
652 331
701 901
170 936
255 874
952 180
54 451
61 573
689 413
817 160
746 842
340 161
875 630
143 11
479 394
665 468
780 122
577 701
100 351
871 55
603 957
837 702
290 403
902 781
534 77
916 760
864 697
331 770
150 655
758 358
910 152
690 327
121 781
341 964
583 197
913 84
162 217
401 631
56 385
863 963
403 225
295 456
956 321
940 328
706 71
182 755
248 918
654 272
639 242
398 940
94 644
201 533
39 256
915 305
863 592
247 494
257 124
26 5
135 432
854 968
1000 711
154 800
658 117
342 522
736 893
539 587
593 584
942 784
961 172
706 978
917 34
322 638
562 429
15 74
629 445
381 662
20 714
112 603
497 886
973 829
461 840
444 58
615 43
944 179
385 57
142 75
716 655
57 510
406 525
783 907
393 902
32 628
446 136
526 237
926 120
394 303
840 190
416 784
607 345
167 651
647 328
796 115
449 277
214 953
471 669
585 334
567 426
950 86
737 976
638 126
349 490
115 27
300 884
177 57
948 306
640 926
492 663
956 872
989 613
295 617
648 441
98 730
870 404
870 594
137 302
542 320
193 823
395 904
657 61
966 650
487 888
382 776
67 859
131 479
969 171
647 304
958 400
338 777
319 899
636 711
220 888
103 808
913 273
783 698
18 139
535 638
936 600
606 279
709 935
250 373
140 486
30 349
267 701
841 831
92 943
881 291
457 177
864 735
840 422
115 480
902 785
688 120
27 60
921 8
612 151
924 894
693 505
90 757
913 91
179 604
550 637
383 73
583 365
21 129
3 833
892 815
119 866
318 278
679 986
779 422
396 816
309 646
915 471
183 237
477 602
131 923
915 707
830 539
934 819
48 778
423 23
86 310
915 730
456 256
364 505
934 96
167 476
131 808
174 722
341 646
412 346
491 435
275 821
679 436
523 246
918 25
574 346
959 306
138 792
478 71
193 656
286 770
412 713
397 773
434 17
967 377
398 91
256 560
95 217
614 758
957 622
73 391
981 380
412 632
343 190
18 739
241 713
721 583
792 529
497 317
740 335
64 429
564 907
322 416
638 721
348 449
950 136
626 137
678 470
241 602
994 659
421 631
167 418
350 352
49 392
621 823
322 467
530 12
950 59
570 960
280 220
866 705
133 755
979 495
321 745
359 369
913 624
404 781
841 570
281 927
320 821
24 992
156 427
323 378
360 22
624 648
824 389
200 447
420 90
114 29
768 840
977 620
615 785
247 283
618 669
968 436
712 901
434 289
21 245
453 617
199 558
771 185
421 624
599 952
248 763
743 173
708 942
838 885
212 174
640 619
752 758
362 661
457 164
274 786
4 789
18 208
575 533
111 82
783 920
482 721
765 700
824 1000
343 656
503 250
257 538
976 739
169 867
44 275
957 507
569 770
139 602
339 313
837 533
749 104
199 508
142 734
665 105
645 963
741 73
865 64
391 448
677 825
329 931
758 905
882 730
956 226
833 499
95 977
740 242
674 718
843 646
146 426
735 141
577 839
991 936
336 938
596 259
407 433
119 848
729 230
396 837
53 361
290 909
241 438
856 975
633 770
704 734
106 898
840 377
900 237
311 673
255 861
381 829
438 54
991 755
59 522
427 246
156 917
199 948
31 429
697 244
164 440
19 407
737 320
403 385
540 51
878 96
743 532
410 213
250 91
165 848
913 135
566 859
596 417
826 22
442 681
462 346
155 196
284 59
342 225
126 50
755 734
369 370
721 997
902 50
82 665
67 877
945 515
175 693
470 559
930 596
53 40
589 539
453 782
717 113
648 584
888 770
868 995
745 722
462 628
200 420
430 168
750 704
247 855
228 445
933 319
257 505
369 999
188 874
596 95
652 588
802 151
258 102
860 129
769 521
226 592
354 814
501 941
248 639
814 566
763 288
445 320
161 246
108 718
628 594
550 454
553 34
106 963
493 900
497 747
739 884
375 942
133 888
411 145
919 800
517 93
913 279
153 861
753 283
193 249
671 50
947 912
967 998
236 783
255 186
240 60
939 777
918 68
212 620
815 594
864 665
634 452
730 525
985 259
23 783
19 646
613 368
742 308
962 424
544 179
618 454
466 603
343 692
931 511
952 35
608 336
297 521
52 578
654 790
853 237
788 84
849 904
733 890
240 873
204 442
596 916
830 151
354 180
101 696
355 245
998 195
289 554
985 800
752 698
552 124
627 330
384 648
919 664
630 352
316 293
782 635
138 94
727 368
766 206
396 922
68 168
19 539
991 305
704 651
192 656
561 729
548 146
131 11
231 779
342 703
212 433
502 520
258 208
683 202
4 476
787 449
409 292
544 372
674 523
362 268
125 800
917 511
41 414
261 928
858 272
742 108
245 69
853 103
167 506
105 775
325 990
566 692
453 575
574 846
222 931
8 363
137 694
697 600
982 243
565 9
654 897
508 532
949 490
290 569
863 857
699 808
257 381
945 953
42 54
715 14
614 368
814 918
720 273
835 834
801 163
913 425
69 873
806 747
349 857
94 926
115 178
873 301
904 180
541 161
961 1000
409 12
765 408
930 632
201 947
474 243
402 884
935 418
24 329
577 245
371 50
732 556
193 204
536 558
33 858
33 653
692 543
768 141
608 722
716 339
813 405
644 77
565 660
682 537
742 246
964 180
547 571
863 232
739 470
613 363
153 82
82 152
332 35
18 242
818 987
927 237
68 347
141 529
290 931
864 426
737 156
334 782
611 784
940 791
199 947
865 480
319 572
602 440
122 340
750 906
569 382
950 216
200 908
311 764
864 590
477 660
169 195
613 77
226 449
335 33
583 613
982 327
396 560
256 424
24 511
296 107
561 627
613 955
200 725
989 85
220 776
5 436
867 68
357 795
963 688
621 905
855 998
939 349
991 230
24 296
222 917
338 802
688 713
448 925
266 358
68 686
52 299
417 335
915 879
227 91
659 235
205 925
556 907
99 829
958 324
355 858
47 175
730 633
412 376
344 94
914 846
199 928
221 83
459 232
756 578
557 623
300 761
209 385
578 619
214 772
362 27
988 800
865 778
917 305
771 730
206 797
744 452
951 630
524 630
138 542
87 593
586 711
398 228
418 309
809 150
792 122
648 223
223 113
685 198
669 268
652 324
601 161
359 60
988 801
996 335
827 982
95 764
386 16
235 22
843 521
614 71
122 570
129 711
996 519
745 664
736 428
457 768
397 151
607 346
539 619
328 173
411 333
924 565
927 831
361 938
769 632
777 83
202 868
205 760
124 846
45 631
221 58
853 349
201 990
550 984
807 298
744 90
167 75
706 68
964 414
214 761
820 460
198 296
848 121
764 510
634 479
726 329
854 370
982 167
689 212
707 54
731 485
514 239
949 186
143 718
419 113
343 487
96 700
154 309
524 916
322 178
509 234
258 461
413 655
791 366
26 702
262 376
356 501
690 904
305 219
108 278
825 316
111 985
535 804
332 140
721 38
116 163
541 158
608 345
624 764
550 212
273 120
550 802
935 560
539 382
665 623
952 125
787 485
963 315
962 311
970 859
563 283
437 379
737 410
662 968
462 190
409 505
64 359
45 443
49 546
546 352
343 655
90 862
788 616
903 361
338 887
999 448
506 449
568 753
323 724
951 125
662 847
934 928
133 62
70 105
867 850
265 331
484 438
46 661
102 534
19 473
489 595
483 864
101 60
589 96
437 467
3 239
61 583
813 141
248 743
924 432
330 259
880 476
255 300
131 952
989 460
365 999
641 432
96 440
157 687
927 810
35 965
87 388
509 252
865 790
459 110
367 185
439 604
138 211
850 805
337 299
796 873
411 966
856 4
513 296
987 401
808 594
608 287
257 935
682 55
555 772
738 942
961 404
260 51
746 40
48 779
945 63
913 860
43 760
309 225
94 649
795 283
846 455
647 894
336 823
478 630
408 25
746 686
67 937
265 542
537 60
638 574
553 30
254 473
881 475
111 560
24 628
296 761
482 358
356 680
105 995
827 296
659 4
949 148
236 595
682 594
609 722
974 163
439 238
888 232
899 894
209 172
299 757
484 469
818 1000
106 918
269 277
473 625
199 84
552 942
720 747
19 713
598 269
342 617
246 556
525 239
357 82
247 695
948 572
970 603
444 515
979 447
918 422
557 105
832 931
577 811
462 471
891 549
46 534
624 261
129 7
177 904
939 450
541 731
947 665
144 666
396 848
53 358
883 385
848 365
634 180
535 259
19 536
997 68
614 986
319 40
781 237
675 397
967 620
34 104
238 909
276 448
780 237
442 931
617 894
724 966
671 514
545 871
985 693
919 822
626 129
586 948
754 800
665 16
459 937
836 895
236 688
814 133
489 412
460 77
860 181
360 785
21 303
310 711
685 560
331 846
133 763
111 518
367 600
689 880
727 664
764 390
692 475
879 319
401 258
328 877
60 74
741 556
929 36
174 379
892 751
566 242
731 740
753 473
382 805
145 898
681 613
441 264
332 220
939 403
461 256
725 595
637 817
691 113
251 980
585 385
949 27
18 463
133 2
971 2
567 65
204 486
692 990
687 740
834 941
924 404
584 554
137 784
820 232
765 782
640 414
281 88
701 230
397 198
940 687
523 36
24 135
192 399
10 600
30 713
822 858
865 199
824 492
435 805
89 946
521 944
918 146
559 105
85 524
671 501
752 460
273 264
789 858
964 547
497 156
624 486
666 327
814 49
827 275
566 681
255 813
177 468
605 403
423 619
114 415
833 896
633 99
209 433
101 168
530 992
657 232
680 208
87 895
199 282
515 173
398 177
240 926
644 591
423 391
742 163
249 160
448 560
469 112
839 145
932 450
474 109
143 390
987 655
458 724
61 241
373 724
30 301
379 757
73 195
19 302
517 83
589 534
223 468
425 432
559 141
172 622
803 883
589 171
47 132
842 299
985 67
362 125
471 761
458 520
94 161
225 907
21 547
280 594
480 751
668 112
744 33
561 605
598 241
637 320
647 446
38 408
811 974
683 533
729 443
745 499
996 78
452 522
654 233
860 305
952 594
1 246
858 600
131 384
847 22
599 617
26 270
621 391
159 216
73 196
473 239
202 416
8 966
874 805
321 931
38 436
454 681
1 91
38 448
3 318
297 541
99 242
736 706
874 208
838 283
841 88
541 859
739 906
238 285
535 196
294 681
188 420
152 573
248 978
232 302
319 691
584 75
621 495
658 196
568 879
346 130
897 306
439 805
742 411
999 264
844 791
824 425
271 571
788 663
364 436
238 127
607 711
370 450
818 667
686 306
524 185
28 751
230 277
657 767
748 466
806 791
227 77
56 311
771 157
402 351
480 72
503 168
170 796
797 752
86 488
28 293
326 243
972 428
617 83
641 697
641 108
453 777
308 597
754 120
738 884
557 731
795 77
542 747
869 665
798 104
376 120
605 995
416 905
159 963
515 858
578 426
920 415
586 890
989 331
851 572
265 372
820 949
781 74
768 723
967 141
491 163
589 80
239 705
526 547
441 301
95 86
8 146
147 872
615 827
874 187
983 440
843 130
553 935
552 697
750 491
844 303
240 752
756 441
5 48
346 440
232 501
338 165
839 337
212 449
198 547
894 371
878 449
236 884
536 333
535 218
791 897
65 651
819 960
27 547
467 702
618 898
527 460
785 966
747 158
142 172
295 550
648 352
497 616
212 366
180 821
393 432
801 234
169 684
696 55
678 566
19 330
70 107
497 622
813 800
632 905
119 723
281 656
625 299
908 129
251 309
688 893
551 582
474 310
594 986
276 925
661 107
708 302
924 462
769 130
565 17
939 748
539 941
566 831
589 725
878 633
437 654
336 152
85 512
332 306
67 74
111 377
88 197
408 707
72 340
825 890
471 187
700 468
404 649
67 910
811 270
44 656
373 236
66 219
70 673
620 99
769 587
876 245
476 702
973 227
423 379
138 186
579 907
637 992
710 116
488 307
362 142
826 73
64 456
257 477
826 834
833 894
888 330
300 405
935 388
117 935
840 429
797 899
378 264
329 706
552 566
990 66
990 929
69 55
707 731
597 425
372 519
266 859
875 270
159 20
860 492
473 534
993 770
117 532
46 197
124 618
13 388
770 34
676 785
683 394
880 247
200 948
826 840
169 90
985 217
462 494
28 180
301 852
250 467
52 219
970 319
273 450
221 743
348 273
332 942
630 333
886 251
796 604
657 628
42 549
605 204
3 697
181 874
863 258
772 152
976 857
41 613
704 744
101 120
999 468
926 952
170 257
932 936
536 465
458 304
766 5
43 533
530 494
853 531
724 925
28 98
528 112
973 966
160 426
162 386
751 558
534 426
936 613
523 128
401 619
807 861
802 681
430 222
87 694
753 363
988 905
249 448
864 135
717 731
958 138
689 857
484 821
359 907
766 345
142 610
930 868
793 833
240 273
699 823
678 542
439 624
722 364
886 109
462 836
351 190
124 521
286 264
915 467
622 998
414 747
843 983
737 755
976 666
612 323
207 211
944 504
659 870
599 79
174 400
342 468
502 1000
552 269
550 808
992 468
574 643
438 960
57 604
939 924
297 467
101 928
873 778
692 330
982 361
670 414
22 693
806 813
270 388
457 370
609 768
131 901
209 47
143 373
32 405
591 955
228 230
401 288
627 113
472 435
295 185
262 377
464 496
212 491
410 881
530 383
568 747
231 313
509 90
736 130
94 781
419 35
21 238
341 158
890 884
669 840
266 199
896 781
885 420
686 941
181 542
917 36
586 622
117 805
6 781
867 957
389 545
728 299
410 818
12 105
140 54
214 21
255 294
659 305
681 366
807 591
4 10
480 121
878 167
562 219
546 353
585 631
674 855
417 520
514 150
248 79
537 303
645 860
170 470
5 610
463 218
263 404
138 623
749 499
142 834
969 180
18 34
37 337
792 80
788 666
22 272
202 356
944 929
321 392
284 225
488 391
514 770
513 778
153 238
899 964
627 971
956 659
437 773
647 244
81 837
285 767
85 153
506 160
421 132
959 651
515 75
220 195
183 436
793 813
334 922
183 275
454 533
849 463
304 302
819 10
552 660
968 218
142 285
364 776
404 173
365 556
793 619
663 304
289 428
151 938
597 146
891 121
356 983
469 937
53 388
994 630
994 825
497 247
830 196
200 196
727 935
460 190
982 259
18 409
894 570
770 252
199 570
737 565
989 798
41 469
688 892
106 757
123 305
586 513
346 871
958 165
937 600
990 466
276 17
647 713
64 129
482 439
537 387
139 356
675 995
432 831
253 329
384 333
339 546
520 351
479 923
188 943
355 649
155 292
411 619
265 292
528 84
654 323
395 79
487 22
144 333
823 7
934 14
720 305
350 652
918 118
959 18
245 603
752 287
525 836
766 642
531 763
752 311
429 635
662 969
350 543
367 935
957 643
157 466
265 115
393 134
13 299
397 630
679 96
663 298
827 302
342 644
630 187
258 451
600 695
686 920
212 587
670 792
87 348
969 651
729 252
915 118
528 917
167 64
858 897
579 494
27 957
122 655
394 382
150 436
56 422
721 702
828 443
891 433
856 333
18 926
826 889
348 702
830 268
192 648
171 545
462 501
820 226
949 983
741 665
933 525
111 577
220 834
593 472
350 490
173 904
924 832
970 27
985 995
675 292
969 889
72 847
843 784
251 864
876 812
607 194
959 435
579 810
395 950
882 222
287 364
235 55
473 288
364 337
220 462
517 96
424 358
683 719
211 293
281 374
140 911
374 213
873 839
125 71
144 5
952 871
402 376
724 128
725 126
599 238
250 167
603 292
252 507
664 160
535 184
97 993
721 292
390 210
599 784
374 952
394 554
677 998
44 601
438 592
336 34
437 486
857 651
769 786
46 149
526 262
466 767
323 839
690 656
344 448
415 288
182 992
200 868
221 854
421 68
683 881
738 947
431 606
300 992
797 446
835 247
377 376
53 301
196 110
731 422
886 864
695 84
597 630
588 639
111 925
679 784
367 7
424 455
43 920
324 680
930 953
728 277
679 838
820 699
875 560
325 905
474 910
970 779
864 282
111 441
580 870
281 409
889 748
709 110
527 491
139 731
52 9
804 182
933 475
516 181
132 991
848 152
496 781
478 312
354 305
959 417
281 522
139 903
466 173
249 587
948 195
364 306
806 907
421 506
535 573
935 440
138 940
340 448
170 920
389 20
374 39
939 102
766 115
730 587
566 673
454 570
404 973
85 631
737 870
542 800
409 676
372 346
945 810
765 169
654 633
470 432
881 948
843 253
490 55
891 289
477 258
371 259
959 788
779 175
319 693
184 455
949 851
414 667
865 835
502 101
846 197
499 560
874 611
670 488
620 120
565 222
640 651
551 709
606 63
457 39
899 93
350 164
124 504
245 513
372 270
101 328
563 1000
139 103
378 53
959 901
586 964
200 556
129 141
204 699
614 62
597 94
101 217
799 333
875 558
783 425
801 303
828 874
372 556
514 800
530 303
931 938
752 283
148 779
411 643
738 119
223 603
421 884
736 978
996 217
386 900
33 512
140 732
732 134
255 842
418 986
949 942
920 264
536 859
550 447
467 205
898 547
697 723
454 249
236 836
114 594
449 761
68 380
874 504
282 499
446 621
341 238
876 884
809 482
792 422
448 84
418 999
935 380
379 337
930 67
911 935
16 655
753 762
383 3
271 892
774 954
442 563
433 256
502 537
563 572
765 413
322 809
214 916
87 572
642 181
200 896
523 55
421 120
260 186
138 500
429 232
820 744
430 195
414 25
834 442
939 715
866 539
960 928
704 986
743 570
298 698
174 196
482 786
640 370
803 926
933 979
607 36
131 73
89 515
188 992
961 266
407 582
728 96
980 817
690 361
434 983
988 159
386 862
555 299
612 680
976 29
889 399
797 490
374 537
764 296
73 594
913 899
963 455
972 285
574 79
958 754
902 175
228 967
265 717
430 273
430 846
417 761
89 580
861 740
988 957
240 414
739 75
830 477
500 10
465 88
229 986
693 805
927 834
703 993
952 75
535 888
38 325
204 136
133 713
631 862
528 703
671 329
759 805
89 248
235 105
220 249
830 654
421 153
683 826
596 745
885 837
137 964
156 519
248 331
568 703
349 29
199 20
129 547
223 776
919 511
868 904
979 135
765 213
267 214
502 448
596 298
491 801
149 920
421 566
577 125
140 973
335 208
800 767
156 179
375 57
324 445
322 989
402 342
793 692
14 604
919 534
793 307
796 323
924 136
260 631
191 411
840 872
949 709
785 620
472 300
127 84
172 673
882 373
183 141
520 858
504 786
260 605
669 892
229 351
1000 333
159 347
588 569
795 10
98 301
722 998
338 691
435 380
585 754
444 513
802 261
877 831
16 973
718 619
956 164
498 387
557 621
462 286
997 358
637 617
236 767
379 857
985 358
31 271
126 573
396 952
678 771
106 919
41 145
65 669
652 503
466 986
263 424
449 33
488 591
942 368
378 479
89 880
820 359
864 442
715 968
477 489
795 473
463 512
62 712
856 815
376 697
819 898
671 468
716 862
974 180
626 545
994 462
885 82
544 604
818 45
106 875
975 65
741 334
637 610
359 906
488 252
343 844
587 50
399 368
209 282
317 370
82 505
30 521
396 172
783 512
396 774
809 157
682 414
421 719
888 642
281 143
478 127
286 711
659 862
624 986
27 576
73 864
911 722
210 805
121 134
564 414
216 516
486 451
249 805
90 485
933 623
782 1000
331 687
170 93
226 46
134 432
412 50
431 278
859 545
842 714
220 791
663 1000
685 880
634 872
143 925
698 702
870 637
198 406
678 908
865 318
612 830
879 908
652 815
541 711
947 272
11 650
626 718
915 370
200 611
796 335
276 413
189 631
189 34
482 44
262 749
588 234
449 490
41 432
802 302
515 654
1 479
516 93
516 426
810 318
658 730
500 440
860 163
480 758
15 810
199 211
740 219
699 836
423 754
574 318
481 554
410 491
756 784
693 366
470 185
951 688
41 4
310 109
648 673
4 82
813 687
478 823
257 17
138 847
930 684
146 306
721 861
661 369
331 185
647 322
977 655
779 7
446 1
355 859
685 857
841 706
551 166
257 305
3 821
188 501
647 723
10 91
943 7
746 193
894 84
30 723
434 21
913 635
642 91
137 307
42 895
738 829
271 533
634 705
63 361
47 884
746 336
12 327
824 506
324 859
145 351
807 211
811 427
589 199
279 699
241 223
726 607
140 452
712 303
87 740
933 649
769 696
803 625
186 570
847 505
540 637
577 848
332 494
463 448
123 141
530 583
344 3
930 790
526 506
537 655
129 650
703 408
423 413
833 414
872 794
611 646
119 121
321 162
86 697
319 242
199 778
453 646
312 358
341 210
26 322
427 672
963 498
833 931
193 774
56 239
345 815
588 55
769 971
404 330
332 739
152 786
4 413
140 604
47 695
746 490
910 36
876 199
524 320
73 182
456 223
997 889
765 631
613 922
575 855
834 122
813 285
360 352
148 973
865 632
590 394
918 600
501 776
298 10
784 59
597 33
689 256
67 545
467 196
161 239
87 963
608 176
679 240
585 419
11 436
848 761
81 909
715 29
670 56
157 155
233 218
27 912
586 862
727 781
746 536
788 833
314 83
255 314
867 436
170 940
814 141
114 852
637 822
853 745
766 650
352 629
18 616
257 800
826 774
61 592
825 722
686 380
562 109
157 775
284 433
442 24
395 158
179 519
52 904
410 44
766 307
215 14
55 125
780 11
551 779
167 815
976 742
148 702
274 510
888 573
189 381
852 547
814 990
799 563
297 184
587 278
741 23
807 254
398 438
612 163
26 522
245 556
727 504
598 992
461 197
732 754
804 541
52 858
725 247
434 235
517 805
682 433
866 895
816 76
247 386
935 79
675 776
468 455
914 918
198 151
638 20
57 693
506 386
152 554
962 602
778 895
797 335
927 370
487 378
787 80
737 123
369 382
153 320
478 310
439 448
727 981
85 522
764 435
863 591
708 161
459 301
87 438
662 864
807 770
855 905
540 927
788 659
89 702
799 386
577 181
799 4
692 575
329 508
427 399
609 965
685 466
336 346
336 175
923 485
144 444
726 380
196 852
124 108
796 318
753 837
937 992
535 261
24 594
704 244
478 739
398 231
155 217
636 105
581 749
582 702
343 884
396 306
548 951
716 580
988 216
439 423
919 27
189 708
117 103
483 804
119 391
270 366
